[gd_scene load_steps=19 format=2]

[ext_resource path="res://scenes/meshes/SecondGallery__HalfDomeHab-Glass.mesh" type="ArrayMesh" id=1]
[ext_resource path="res://model_assets/TubeHab.tscn" type="PackedScene" id=2]
[ext_resource path="res://scenes/meshes/SecondGallery__HalfDomeHab-Glass_HalfDomeGround.mesh" type="ArrayMesh" id=3]
[ext_resource path="res://scenes/meshes/SecondGallery__HalfDomeHab-Glass_HalfDomeHab-Glass001.mesh" type="ArrayMesh" id=4]
[ext_resource path="res://scenes/meshes/SecondGallery__HalfDomeHab-Glass_HalfDomeHab-Skin.mesh" type="ArrayMesh" id=5]
[ext_resource path="res://scenes/meshes/SecondGallery__HalfDomeHab-Glass_HalfDomeHab-Skin001.mesh" type="ArrayMesh" id=6]
[ext_resource path="res://scenes/meshes/SecondGallery__HalfDomeHab-Glass_HalfDomeHab-Structural.mesh" type="ArrayMesh" id=7]
[ext_resource path="res://scenes/meshes/SecondGallery__HalfDomeHab-Glass_HalfDomeHab-WindowFrame.mesh" type="ArrayMesh" id=8]
[ext_resource path="res://scenes/meshes/SecondGallery__HalfDomeHab-Glass_LowerGalleryRoof.mesh" type="ArrayMesh" id=9]
[ext_resource path="res://scenes/meshes/SecondGallery__HalfDomeHab-Glass_LowerGalleryRoof001.mesh" type="ArrayMesh" id=10]
[ext_resource path="res://scenes/meshes/SecondGallery__HalfDomeHab-Glass_LowerGalleryWalls.mesh" type="ArrayMesh" id=11]
[ext_resource path="res://model_assets/TriangularWindow.tscn" type="PackedScene" id=12]
[ext_resource path="res://scenes/meshes/SecondGallery__HalfDomeHab-Glass_TubeHab-Cap005.mesh" type="ArrayMesh" id=13]
[ext_resource path="res://scenes/meshes/SecondGallery__HalfDomeHab-Glass_TubeHab-Cap006.mesh" type="ArrayMesh" id=14]
[ext_resource path="res://scenes/meshes/SecondGallery__HalfDomeHab-Glass_TubeHab-Entrance005.mesh" type="ArrayMesh" id=15]
[ext_resource path="res://scenes/meshes/SecondGallery__HalfDomeHab-Glass_TubeHab-Entrance006.mesh" type="ArrayMesh" id=16]
[ext_resource path="res://scenes/meshes/SecondGallery__HalfDomeHab-Glass_TubeHab-Entrance007.mesh" type="ArrayMesh" id=17]
[ext_resource path="res://scenes/meshes/SecondGallery__HalfDomeHab-Glass_TubeHab-Entrance009.mesh" type="ArrayMesh" id=18]

[node name="Scene" type="Spatial" index="0"]

[node name="HalfDomeHab-Glass" type="MeshInstance" parent="." index="0"]

transform = Transform( 0.981627, 0, -0.190809, 0, 1, 0, 0.190809, 0, 0.981627, 0, 0, 0 )
layers = 1
material_override = null
cast_shadow = 1
extra_cull_margin = 0.0
use_in_baked_light = false
lod_min_distance = 0.0
lod_min_hysteresis = 0.0
lod_max_distance = 0.0
lod_max_hysteresis = 0.0
mesh = ExtResource( 1 )
skeleton = NodePath("..")
material/0 = null

[node name="Empty_TubeHabLarge002" type="Spatial" parent="HalfDomeHab-Glass" index="0"]

transform = Transform( 1.49917, 1.46026e-06, 0.0499992, -1.46107e-06, 1.5, -2.13163e-14, -0.0499992, -4.87016e-08, 1.49917, 51.6084, 26.9198, -14.4992 )
_sections_unfolded = [ "Transform" ]

[node name="Scene" parent="HalfDomeHab-Glass/Empty_TubeHabLarge002" index="0" instance=ExtResource( 2 )]

[node name="Empty_TubeHabLarge003" type="Spatial" parent="HalfDomeHab-Glass" index="1"]

transform = Transform( 1.4997, 0, -0.0299054, 0, 1.5, 0, -0.0299054, 0, -1.4997, 64.9884, 36.8934, 11.2977 )
_sections_unfolded = [ "Transform" ]

[node name="Scene" parent="HalfDomeHab-Glass/Empty_TubeHabLarge003" index="0" instance=ExtResource( 2 )]

[node name="Empty_TubeHabLarge004" type="Spatial" parent="HalfDomeHab-Glass" index="2"]

transform = Transform( 1.49595, 0, -0.110182, 0, 1.5, 0, -0.110182, 0, -1.49595, 31.0914, 13.0062, 11.9183 )
_sections_unfolded = [ "Transform" ]

[node name="Scene" parent="HalfDomeHab-Glass/Empty_TubeHabLarge004" index="0" instance=ExtResource( 2 )]

[node name="HalfDomeGround" type="MeshInstance" parent="HalfDomeHab-Glass" index="3"]

transform = Transform( 0.999755, 0, 0.0221464, -9.7493e-07, 1, -7.3395e-08, -0.0221464, 0, 0.999755, 4.97986, -6.0813, 1.23814 )
layers = 1
material_override = null
cast_shadow = 1
extra_cull_margin = 0.0
use_in_baked_light = false
lod_min_distance = 0.0
lod_min_hysteresis = 0.0
lod_max_distance = 0.0
lod_max_hysteresis = 0.0
mesh = ExtResource( 3 )
skeleton = NodePath("..")
material/0 = null

[node name="HalfDomeHab-Glass001" type="MeshInstance" parent="HalfDomeHab-Glass" index="4"]

transform = Transform( 1, 0, -2.98023e-08, -9.76316e-07, 1, -5.17858e-08, 4.47035e-08, 0, 1, -1.60703e-05, -0.00012207, -2.7054e-06 )
layers = 1
material_override = null
cast_shadow = 1
extra_cull_margin = 0.0
use_in_baked_light = false
lod_min_distance = 0.0
lod_min_hysteresis = 0.0
lod_max_distance = 0.0
lod_max_hysteresis = 0.0
mesh = ExtResource( 4 )
skeleton = NodePath("..")
material/0 = null

[node name="HalfDomeHab-Skin" type="MeshInstance" parent="HalfDomeHab-Glass" index="5"]

transform = Transform( 1, 0, -4.47035e-08, -9.76316e-07, 1, -5.17858e-08, 5.96046e-08, 0, 1, 10.2598, -11.9037, -0.00239134 )
layers = 1
material_override = null
cast_shadow = 1
extra_cull_margin = 0.0
use_in_baked_light = false
lod_min_distance = 0.0
lod_min_hysteresis = 0.0
lod_max_distance = 0.0
lod_max_hysteresis = 0.0
mesh = ExtResource( 5 )
skeleton = NodePath("..")
material/0 = null

[node name="HalfDomeHab-Skin001" type="MeshInstance" parent="HalfDomeHab-Glass" index="6"]

transform = Transform( 1, 0, -4.47035e-08, -9.76316e-07, 1, -5.17858e-08, 5.96046e-08, 0, 1, 10.2598, -11.9037, -0.00239134 )
layers = 1
material_override = null
cast_shadow = 1
extra_cull_margin = 0.0
use_in_baked_light = false
lod_min_distance = 0.0
lod_min_hysteresis = 0.0
lod_max_distance = 0.0
lod_max_hysteresis = 0.0
mesh = ExtResource( 6 )
skeleton = NodePath("..")
material/0 = null

[node name="HalfDomeHab-Structural" type="MeshInstance" parent="HalfDomeHab-Glass" index="7"]

transform = Transform( 1, 0, 1.49012e-08, -9.76316e-07, 1, -5.17858e-08, 1.49012e-08, 0, 1, 10.2598, -11.9037, -0.00239134 )
layers = 1
material_override = null
cast_shadow = 1
extra_cull_margin = 0.0
use_in_baked_light = false
lod_min_distance = 0.0
lod_min_hysteresis = 0.0
lod_max_distance = 0.0
lod_max_hysteresis = 0.0
mesh = ExtResource( 7 )
skeleton = NodePath("..")
material/0 = null

[node name="HalfDomeHab-WindowFrame" type="MeshInstance" parent="HalfDomeHab-Glass" index="8"]

transform = Transform( 1, 0, -4.47035e-08, -9.76316e-07, 1, -5.17858e-08, 5.96046e-08, 0, 1, 10.2598, -11.9037, -0.00239134 )
layers = 1
material_override = null
cast_shadow = 1
extra_cull_margin = 0.0
use_in_baked_light = false
lod_min_distance = 0.0
lod_min_hysteresis = 0.0
lod_max_distance = 0.0
lod_max_hysteresis = 0.0
mesh = ExtResource( 8 )
skeleton = NodePath("..")
material/0 = null

[node name="LowerGalleryRoof" type="MeshInstance" parent="HalfDomeHab-Glass" index="9"]

transform = Transform( 0.999755, -1.43854e-08, 0.0221464, -9.60458e-07, 1, -7.71638e-08, -0.0221464, 4.08842e-09, 0.999755, 83.8009, 46.8788, -2.28264 )
layers = 1
material_override = null
cast_shadow = 1
extra_cull_margin = 0.0
use_in_baked_light = false
lod_min_distance = 0.0
lod_min_hysteresis = 0.0
lod_max_distance = 0.0
lod_max_hysteresis = 0.0
mesh = ExtResource( 9 )
skeleton = NodePath("..")
material/0 = null

[node name="LowerGalleryRoof001" type="MeshInstance" parent="HalfDomeHab-Glass" index="10"]

transform = Transform( 0.999755, -1.43854e-08, 0.0221464, -9.60458e-07, 1, -7.71638e-08, -0.0221464, 4.08842e-09, 0.999755, 83.8009, 46.8788, -2.28264 )
layers = 1
material_override = null
cast_shadow = 1
extra_cull_margin = 0.0
use_in_baked_light = false
lod_min_distance = 0.0
lod_min_hysteresis = 0.0
lod_max_distance = 0.0
lod_max_hysteresis = 0.0
mesh = ExtResource( 10 )
skeleton = NodePath("..")
material/0 = null

[node name="LowerGalleryWalls" type="MeshInstance" parent="HalfDomeHab-Glass" index="11"]

transform = Transform( 0.999755, -1.43854e-08, 0.0221464, -9.60458e-07, 1, -7.71638e-08, -0.0221464, 4.08842e-09, 0.999755, 83.8009, 47.0553, -2.28264 )
layers = 1
material_override = null
cast_shadow = 1
extra_cull_margin = 0.0
use_in_baked_light = false
lod_min_distance = 0.0
lod_min_hysteresis = 0.0
lod_max_distance = 0.0
lod_max_hysteresis = 0.0
mesh = ExtResource( 11 )
skeleton = NodePath("..")
material/0 = null

[node name="TriangularWindow002" type="Spatial" parent="HalfDomeHab-Glass" index="12"]

transform = Transform( 0.999734, -0.0112385, 0.0201409, 0.0111561, 0.999929, 0.0041485, -0.0201861, -0.00392275, 0.999789, 82.4532, 47.7716, -7.22494 )

[node name="Scene" parent="HalfDomeHab-Glass/TriangularWindow002" index="0" instance=ExtResource( 12 )]

[node name="TriangularWindow003" type="Spatial" parent="HalfDomeHab-Glass" index="13"]

transform = Transform( 0.999734, -0.0112385, 0.0201409, 0.0111561, 0.999929, 0.0041485, -0.0201861, -0.00392275, 0.999789, 74.98, 42.9896, -7.06608 )

[node name="Scene" parent="HalfDomeHab-Glass/TriangularWindow003" index="0" instance=ExtResource( 12 )]

[node name="TriangularWindow004" type="Spatial" parent="HalfDomeHab-Glass" index="14"]

transform = Transform( 0.999734, -0.0112385, 0.0201409, 0.0111561, 0.999929, 0.0041485, -0.0201861, -0.00392275, 0.999789, 67.4678, 38.167, -6.89269 )

[node name="Scene" parent="HalfDomeHab-Glass/TriangularWindow004" index="0" instance=ExtResource( 12 )]

[node name="TriangularWindow005" type="Spatial" parent="HalfDomeHab-Glass" index="15"]

transform = Transform( 0.999734, -0.0112385, 0.0201409, 0.0111561, 0.999929, 0.0041485, -0.0201861, -0.00392275, 0.999789, 61.0661, 34.0007, -6.75433 )

[node name="Scene" parent="HalfDomeHab-Glass/TriangularWindow005" index="0" instance=ExtResource( 12 )]

[node name="TriangularWindow006" type="Spatial" parent="HalfDomeHab-Glass" index="16"]

transform = Transform( 0.999734, -0.0112385, 0.0201409, 0.0111561, 0.999929, 0.0041485, -0.0201861, -0.00392275, 0.999789, 54.6547, 29.938, -6.61161 )

[node name="Scene" parent="HalfDomeHab-Glass/TriangularWindow006" index="0" instance=ExtResource( 12 )]

[node name="TriangularWindow007" type="Spatial" parent="HalfDomeHab-Glass" index="17"]

transform = Transform( 0.999734, -0.0112385, 0.0201409, 0.0111561, 0.999929, 0.0041485, -0.0201861, -0.00392275, 0.999789, 46.219, 24.573, -6.4323 )

[node name="Scene" parent="HalfDomeHab-Glass/TriangularWindow007" index="0" instance=ExtResource( 12 )]

[node name="TriangularWindow008" type="Spatial" parent="HalfDomeHab-Glass" index="18"]

transform = Transform( 0.999734, -0.0112385, 0.0201409, 0.0111561, 0.999929, 0.0041485, -0.0201861, -0.00392275, 0.999789, 38.9901, 19.9076, -6.26298 )

[node name="Scene" parent="HalfDomeHab-Glass/TriangularWindow008" index="0" instance=ExtResource( 12 )]

[node name="TriangularWindow009" type="Spatial" parent="HalfDomeHab-Glass" index="19"]

transform = Transform( 0.999734, -0.0112385, 0.0201409, 0.0111561, 0.999929, 0.0041485, -0.0201861, -0.00392275, 0.999789, 30.5016, 14.3828, -6.08884 )

[node name="Scene" parent="HalfDomeHab-Glass/TriangularWindow009" index="0" instance=ExtResource( 12 )]

[node name="TriangularWindow010" type="Spatial" parent="HalfDomeHab-Glass" index="20"]

transform = Transform( 0.999734, -0.0112385, 0.0201409, 0.0111561, 0.999929, 0.0041485, -0.0201861, -0.00392275, 0.999789, 23.0646, 9.64966, -5.91265 )

[node name="Scene" parent="HalfDomeHab-Glass/TriangularWindow010" index="0" instance=ExtResource( 12 )]

[node name="TriangularWindow011" type="Spatial" parent="HalfDomeHab-Glass" index="21"]

transform = Transform( 0.999734, -0.0112385, 0.0201409, 0.0111561, 0.999929, 0.0041485, -0.0201861, -0.00392275, 0.999789, 16.8715, 5.65857, -5.77033 )

[node name="Scene" parent="HalfDomeHab-Glass/TriangularWindow011" index="0" instance=ExtResource( 12 )]

[node name="TriangularWindow012" type="Spatial" parent="HalfDomeHab-Glass" index="22"]

transform = Transform( -0.999734, -0.0112381, -0.020142, -0.0111557, 0.999929, -0.00414851, 0.0201872, -0.00392276, -0.999789, 17.0808, 5.68201, 4.16277 )

[node name="Scene" parent="HalfDomeHab-Glass/TriangularWindow012" index="0" instance=ExtResource( 12 )]

[node name="TriangularWindow013" type="Spatial" parent="HalfDomeHab-Glass" index="23"]

transform = Transform( -0.999734, -0.0112381, -0.020142, -0.0111557, 0.999929, -0.00414851, 0.0201872, -0.00392276, -0.999789, 23.2871, 9.66553, 4.01713 )

[node name="Scene" parent="HalfDomeHab-Glass/TriangularWindow013" index="0" instance=ExtResource( 12 )]

[node name="TriangularWindow014" type="Spatial" parent="HalfDomeHab-Glass" index="24"]

transform = Transform( -0.999734, -0.0112381, -0.020142, -0.0111557, 0.999929, -0.00414851, 0.0201872, -0.00392276, -0.999789, 30.7159, 14.3915, 3.86268 )

[node name="Scene" parent="HalfDomeHab-Glass/TriangularWindow014" index="0" instance=ExtResource( 12 )]

[node name="TriangularWindow015" type="Spatial" parent="HalfDomeHab-Glass" index="25"]

transform = Transform( -0.999734, -0.0112381, -0.020142, -0.0111557, 0.999929, -0.00414851, 0.0201872, -0.00392276, -0.999789, 39.1966, 19.9244, 3.67413 )

[node name="Scene" parent="HalfDomeHab-Glass/TriangularWindow015" index="0" instance=ExtResource( 12 )]

[node name="TriangularWindow016" type="Spatial" parent="HalfDomeHab-Glass" index="26"]

transform = Transform( -0.999734, -0.0112381, -0.020142, -0.0111557, 0.999929, -0.00414851, 0.0201872, -0.00392276, -0.999789, 46.4392, 24.582, 3.50364 )

[node name="Scene" parent="HalfDomeHab-Glass/TriangularWindow016" index="0" instance=ExtResource( 12 )]

[node name="TriangularWindow017" type="Spatial" parent="HalfDomeHab-Glass" index="27"]

transform = Transform( -0.999734, -0.0112381, -0.020142, -0.0111557, 0.999929, -0.00414851, 0.0201872, -0.00392276, -0.999789, 54.9135, 29.934, 3.32803 )

[node name="Scene" parent="HalfDomeHab-Glass/TriangularWindow017" index="0" instance=ExtResource( 12 )]

[node name="TriangularWindow018" type="Spatial" parent="HalfDomeHab-Glass" index="28"]

transform = Transform( -0.999734, -0.0112381, -0.020142, -0.0111557, 0.999929, -0.00414851, 0.0201872, -0.00392276, -0.999789, 61.3008, 34.0179, 3.17953 )

[node name="Scene" parent="HalfDomeHab-Glass/TriangularWindow018" index="0" instance=ExtResource( 12 )]

[node name="TriangularWindow019" type="Spatial" parent="HalfDomeHab-Glass" index="29"]

transform = Transform( -0.999734, -0.0112381, -0.020142, -0.0111557, 0.999929, -0.00414851, 0.0201872, -0.00392276, -0.999789, 67.6959, 38.1598, 3.04248 )

[node name="Scene" parent="HalfDomeHab-Glass/TriangularWindow019" index="0" instance=ExtResource( 12 )]

[node name="TriangularWindow020" type="Spatial" parent="HalfDomeHab-Glass" index="30"]

transform = Transform( -0.999734, -0.0112381, -0.020142, -0.0111557, 0.999929, -0.00414851, 0.0201872, -0.00392276, -0.999789, 75.1957, 42.9978, 2.87199 )

[node name="Scene" parent="HalfDomeHab-Glass/TriangularWindow020" index="0" instance=ExtResource( 12 )]

[node name="TriangularWindow021" type="Spatial" parent="HalfDomeHab-Glass" index="31"]

transform = Transform( -0.999734, -0.0112381, -0.020142, -0.0111557, 0.999929, -0.00414851, 0.0201872, -0.00392276, -0.999789, 82.6594, 47.7722, 2.72093 )

[node name="Scene" parent="HalfDomeHab-Glass/TriangularWindow021" index="0" instance=ExtResource( 12 )]

[node name="TubeHab-Cap005" type="MeshInstance" parent="HalfDomeHab-Glass" index="32"]

transform = Transform( -0.997383, 1.50601e-07, 0.0723049, 8.1902e-07, -1, -1.22243e-07, 0.0723049, -1.09177e-08, 0.997383, 32.1643, 13.1858, 19.0014 )
layers = 1
material_override = null
cast_shadow = 1
extra_cull_margin = 0.0
use_in_baked_light = false
lod_min_distance = 0.0
lod_min_hysteresis = 0.0
lod_max_distance = 0.0
lod_max_hysteresis = 0.0
mesh = ExtResource( 13 )
skeleton = NodePath("..")
material/0 = null

[node name="TubeHab-Cap006" type="MeshInstance" parent="HalfDomeHab-Glass" index="33"]

transform = Transform( 0.999599, 0, 0.0283289, -9.74457e-07, 1, -7.94229e-08, -0.0283288, 0, 0.999599, 51.8031, 27.1268, -21.6786 )
layers = 1
material_override = null
cast_shadow = 1
extra_cull_margin = 0.0
use_in_baked_light = false
lod_min_distance = 0.0
lod_min_hysteresis = 0.0
lod_max_distance = 0.0
lod_max_hysteresis = 0.0
mesh = ExtResource( 14 )
skeleton = NodePath("..")
material/0 = null

[node name="TubeHab-Entrance005" type="MeshInstance" parent="HalfDomeHab-Glass" index="34"]

transform = Transform( 0.981627, 0, 0.190809, -9.48497e-07, 1, -2.37124e-07, -0.190809, 0, 0.981627, 65.3257, 37.085, 2.93763 )
layers = 1
material_override = null
cast_shadow = 1
extra_cull_margin = 0.0
use_in_baked_light = false
lod_min_distance = 0.0
lod_min_hysteresis = 0.0
lod_max_distance = 0.0
lod_max_hysteresis = 0.0
mesh = ExtResource( 15 )
skeleton = NodePath("..")
material/0 = null

[node name="TubeHab-Entrance006" type="MeshInstance" parent="HalfDomeHab-Glass" index="35"]

transform = Transform( 0.999561, 0.0296422, -1.2957e-09, -9.74352e-07, -1.24415e-07, -1, -0.0296421, 0.999561, -4.36922e-08, 52.4142, 27.0944, -7.69449 )
layers = 1
material_override = null
cast_shadow = 1
extra_cull_margin = 0.0
use_in_baked_light = false
lod_min_distance = 0.0
lod_min_hysteresis = 0.0
lod_max_distance = 0.0
lod_max_hysteresis = 0.0
mesh = ExtResource( 16 )
skeleton = NodePath("..")
material/0 = null

[node name="TubeHab-Entrance007" type="MeshInstance" parent="HalfDomeHab-Glass" index="36"]

transform = Transform( 0.981627, 0, 0.190809, -9.48497e-07, 1, -2.37124e-07, -0.190809, 0, 0.981627, 31.1374, 13.1542, 5.85971 )
layers = 1
material_override = null
cast_shadow = 1
extra_cull_margin = 0.0
use_in_baked_light = false
lod_min_distance = 0.0
lod_min_hysteresis = 0.0
lod_max_distance = 0.0
lod_max_hysteresis = 0.0
mesh = ExtResource( 17 )
skeleton = NodePath("..")
material/0 = null

[node name="TubeHab-Entrance009" type="MeshInstance" parent="HalfDomeHab-Glass" index="37"]

transform = Transform( 0.981627, 0, 0.190809, -9.48497e-07, 1, -2.37124e-07, -0.190809, 0, 0.981627, 18.529, 7.20251, 18.1644 )
layers = 1
material_override = null
cast_shadow = 1
extra_cull_margin = 0.0
use_in_baked_light = false
lod_min_distance = 0.0
lod_min_hysteresis = 0.0
lod_max_distance = 0.0
lod_max_hysteresis = 0.0
mesh = ExtResource( 18 )
skeleton = NodePath("..")
material/0 = null


