[gd_scene load_steps=6 format=2]

[ext_resource path="res://scenes/meshes/SouthLongAtrium__SouthLongAtrium_RadBlind.mesh" type="ArrayMesh" id=1]
[ext_resource path="res://scenes/meshes/SouthLongAtrium__SouthLongAtrium_RadBlind_Passage-SouthAtrium-to-Teacup.mesh" type="ArrayMesh" id=2]
[ext_resource path="res://scenes/cshapes/SouthLongAtrium__SouthLongAtrium_RadBlind_Passage-SouthAtrium-to-Teacup_Passage-SouthAtrium-to-Teacup_col_CollisionShape.shape" type="Shape" id=3]
[ext_resource path="res://scenes/meshes/SouthLongAtrium__SouthLongAtrium_RadBlind_Walls.mesh" type="ArrayMesh" id=4]
[ext_resource path="res://scenes/cshapes/SouthLongAtrium__SouthLongAtrium_RadBlind_Walls_Walls_col_CollisionShape.shape" type="Shape" id=5]

[node name="Scene" type="Spatial"]

[node name="SouthLongAtrium_RadBlind" type="MeshInstance" parent="."]

transform = Transform( 0.994354, 0.106118, 0, -0.106118, 0.994354, 0, 0, 0, 1, -0.0404191, 0, -0.00156148 )
layers = 1
material_override = null
cast_shadow = 1
extra_cull_margin = 0.0
use_in_baked_light = false
lod_min_distance = 0.0
lod_min_hysteresis = 0.0
lod_max_distance = 0.0
lod_max_hysteresis = 0.0
mesh = ExtResource( 1 )
skeleton = NodePath("..")
material/0 = null

[node name="Passage-SouthAtrium-to-Teacup" type="MeshInstance" parent="SouthLongAtrium_RadBlind" groups=[
"wall",
]]

transform = Transform( 0.994354, -0.106116, -3.39313e-08, 0.106116, 0.994354, 1.99853e-09, 3.35276e-08, -5.58791e-09, 1, -1.93172, 1.14388, -0.147975 )
layers = 1
material_override = null
cast_shadow = 1
extra_cull_margin = 0.0
use_in_baked_light = false
lod_min_distance = 0.0
lod_min_hysteresis = 0.0
lod_max_distance = 0.0
lod_max_hysteresis = 0.0
mesh = ExtResource( 2 )
skeleton = NodePath("..")
material/0 = null

[node name="Passage-SouthAtrium-to-Teacup_col" type="StaticBody" parent="SouthLongAtrium_RadBlind/Passage-SouthAtrium-to-Teacup"]

input_ray_pickable = true
input_capture_on_drag = false
collision_layer = 1
collision_mask = 1
friction = 1.0
bounce = 0.0
constant_linear_velocity = Vector3( 0, 0, 0 )
constant_angular_velocity = Vector3( 0, 0, 0 )

[node name="CollisionShape" type="CollisionShape" parent="SouthLongAtrium_RadBlind/Passage-SouthAtrium-to-Teacup/Passage-SouthAtrium-to-Teacup_col"]

shape = ExtResource( 3 )
disabled = false

[node name="Walls" type="MeshInstance" parent="SouthLongAtrium_RadBlind" groups=[
"wall",
]]

transform = Transform( 0.994354, -0.106116, -3.39313e-08, 0.106116, 0.994354, 1.99853e-09, 3.35276e-08, -5.58791e-09, 1, 1.81162, 2.66199, -22.055 )
layers = 1
material_override = null
cast_shadow = 1
extra_cull_margin = 0.0
use_in_baked_light = false
lod_min_distance = 0.0
lod_min_hysteresis = 0.0
lod_max_distance = 0.0
lod_max_hysteresis = 0.0
mesh = ExtResource( 4 )
skeleton = NodePath("..")
material/0 = null

[node name="Walls_col" type="StaticBody" parent="SouthLongAtrium_RadBlind/Walls"]

input_ray_pickable = true
input_capture_on_drag = false
collision_layer = 1
collision_mask = 1
friction = 1.0
bounce = 0.0
constant_linear_velocity = Vector3( 0, 0, 0 )
constant_angular_velocity = Vector3( 0, 0, 0 )

[node name="CollisionShape" type="CollisionShape" parent="SouthLongAtrium_RadBlind/Walls/Walls_col"]

shape = ExtResource( 5 )
disabled = false


