[gd_scene load_steps=10 format=2]

[ext_resource path="res://model_assets/Truss-Triangular-67m.tscn" type="PackedScene" id=1]
[ext_resource path="res://scenes/meshes/TeacupCrater__TeacupCraterRoof.mesh" type="ArrayMesh" id=2]
[ext_resource path="res://scenes/meshes/TeacupCrater__TeacupCraterRoof_Teacup-watertank.mesh" type="ArrayMesh" id=3]
[ext_resource path="res://scenes/meshes/TeacupCrater__TeacupCraterRoof_Teacup-watertank_Teacup-centertower.mesh" type="ArrayMesh" id=4]
[ext_resource path="res://scenes/meshes/TeacupCrater__TeacupCraterRoof_Teacup-watertank_Teacup-Planters001.mesh" type="ArrayMesh" id=5]
[ext_resource path="res://scenes/meshes/TeacupCrater__TeacupCraterRoof_TeacupCraterFloor.mesh" type="ArrayMesh" id=6]
[ext_resource path="res://scenes/cshapes/TeacupCrater__TeacupCraterRoof_TeacupCraterFloor_TeacupCraterFloor_col_CollisionShape.shape" type="Shape" id=7]
[ext_resource path="res://scenes/meshes/TeacupCrater__TeacupCraterRoof_Truss-Bases.mesh" type="ArrayMesh" id=8]
[ext_resource path="res://scenes/meshes/TeacupCrater__TeacupCraterRoof_Truss-Triangular-67m.mesh" type="ArrayMesh" id=9]

[node name="Scene" type="Spatial"]

[node name="Empty_TriangleTruss010" type="Spatial" parent="."]

editor/display_folded = true
transform = Transform( 0.936346, 0, -0.351078, 0, 1, 0, 0.351078, 0, 0.936346, -3.55064, 0.976831, -2.09241 )
_sections_unfolded = [ "Transform" ]

[node name="Scene" parent="Empty_TriangleTruss010" instance=ExtResource( 1 )]

[node name="Empty_TriangleTruss009" type="Spatial" parent="Empty_TriangleTruss010"]

transform = Transform( 0.790103, 0, -0.612976, 0, 1, 0, 0.612976, 0, 0.790103, 1.32004, -0.204468, -2.45446 )
_sections_unfolded = [ "Transform" ]

[node name="Scene" parent="Empty_TriangleTruss010/Empty_TriangleTruss009" instance=ExtResource( 1 )]

[node name="Empty_TriangleTruss008" type="Spatial" parent="Empty_TriangleTruss010"]

transform = Transform( 0.4901, 0, -0.871667, 0, 1, 0, 0.871666, 0, 0.4901, 2.69044, -0.447876, -3.28677 )
_sections_unfolded = [ "Transform" ]

[node name="Scene" parent="Empty_TriangleTruss010/Empty_TriangleTruss008" instance=ExtResource( 1 )]

[node name="Empty_TriangleTruss007" type="Spatial" parent="Empty_TriangleTruss010"]

transform = Transform( -0.177624, 0, -0.984099, 0, 1, 0, 0.984099, 0, -0.177624, 5.33201, -0.971192, -3.40071 )
_sections_unfolded = [ "Transform" ]

[node name="Scene" parent="Empty_TriangleTruss010/Empty_TriangleTruss007" instance=ExtResource( 1 )]

[node name="Empty_TriangleTruss006" type="Spatial" parent="Empty_TriangleTruss010"]

transform = Transform( -0.500788, 0, -0.86557, 0, 1, 0, 0.865571, 0, -0.500787, 6.78806, -1.27149, -2.60745 )
_sections_unfolded = [ "Transform" ]

[node name="Scene" parent="Empty_TriangleTruss010/Empty_TriangleTruss006" instance=ExtResource( 1 )]

[node name="Empty_TriangleTruss005" type="Spatial" parent="Empty_TriangleTruss010"]

transform = Transform( -0.260776, 0, 0.9654, 0, 1, 0, -0.9654, 0, -0.260776, 8.22452, -1.60022, -0.314214 )

[node name="Scene" parent="Empty_TriangleTruss010/Empty_TriangleTruss005" instance=ExtResource( 1 )]

transform = Transform( -0.175178, 0, 0.984537, 0, 1, 0, -0.984537, 0, -0.175178, 2.98023e-08, 0, 4.76837e-07 )

[node name="Empty_TriangleTruss004" type="Spatial" parent="Empty_TriangleTruss010"]

transform = Transform( 0.175691, 0, 0.984446, 0, 1, 0, -0.984446, 0, 0.175691, 8.26579, -1.65198, 1.35515 )

[node name="Scene" parent="Empty_TriangleTruss010/Empty_TriangleTruss004" instance=ExtResource( 1 )]

transform = Transform( -0.15798, 0, 0.987442, 0, 1, 0, -0.987442, 0, -0.15798, 1.19209e-07, 0, -2.38419e-07 )

[node name="Empty_TriangleTruss003" type="Spatial" parent="Empty_TriangleTruss010"]

transform = Transform( 0.756768, 0, 0.653684, 0, 1, 0, -0.653684, 0, 0.756768, 6.95545, -1.44043, 3.76206 )

[node name="Scene" parent="Empty_TriangleTruss010/Empty_TriangleTruss003" instance=ExtResource( 1 )]

transform = Transform( -0.210212, 0, 0.977656, 0, 1, 0, -0.977656, 0, -0.210212, 1.19209e-07, 0, 2.98023e-07 )

[node name="Empty_TriangleTruss002" type="Spatial" parent="Empty_TriangleTruss010"]

transform = Transform( 0.952413, 0, 0.304808, 0, 1, 0, -0.304808, 0, 0.952413, 5.55351, -1.1897, 4.59679 )

[node name="Scene" parent="Empty_TriangleTruss010/Empty_TriangleTruss002" instance=ExtResource( 1 )]

transform = Transform( -0.207933, 0, 0.978143, 0, 1, 0, -0.978143, 0, -0.207933, -2.08616e-07, 0, 2.18744e-07 )

[node name="Empty_TriangleTruss001" type="Spatial" parent="Empty_TriangleTruss010"]

transform = Transform( 0.958174, 0, -0.286187, 0, 1, 0, 0.286187, 0, 0.958174, 2.88733, -0.661133, 4.68898 )

[node name="Scene" parent="Empty_TriangleTruss010/Empty_TriangleTruss001" instance=ExtResource( 1 )]

transform = Transform( -0.166189, 0, 0.986094, 0, 1, 0, -0.986094, 0, -0.166189, 1.19209e-07, 0, -4.76837e-07 )

[node name="Empty_TriangleTruss" type="Spatial" parent="Empty_TriangleTruss010"]

transform = Transform( 0.779873, 0, -0.625938, 0, 1, 0, 0.625938, 0, 0.779873, 1.50316, -0.37378, 3.95449 )

[node name="Scene" parent="Empty_TriangleTruss010/Empty_TriangleTruss" instance=ExtResource( 1 )]

transform = Transform( -0.179368, 0, 0.983782, 0, 1, 0, -0.983782, 0, -0.179368, 0, 0, 7.15256e-07 )

[node name="TeacupCraterRoof" type="MeshInstance" parent="."]

transform = Transform( 0.999958, -0.00906887, 0.00125398, 0.00905317, 0.999887, 0.0120047, -0.0013627, -0.0119928, 0.999927, 0, 0, 0 )
layers = 1
material_override = null
cast_shadow = 1
extra_cull_margin = 0.0
use_in_baked_light = true
lod_min_distance = 0.0
lod_min_hysteresis = 0.0
lod_max_distance = 0.0
lod_max_hysteresis = 0.0
mesh = ExtResource( 2 )
skeleton = NodePath("..")
material/0 = null
material/1 = null
_sections_unfolded = [ "Geometry", "material" ]

[node name="Teacup-watertank" type="MeshInstance" parent="TeacupCraterRoof"]

transform = Transform( 0.0999958, 0.000905317, -0.000136269, -0.000906842, 0.0999887, -0.00119925, 0.000125399, 0.00120047, 0.0999927, 0.070863, -0.266344, -0.0265447 )
layers = 1
material_override = null
cast_shadow = 1
extra_cull_margin = 0.0
use_in_baked_light = true
lod_min_distance = 0.0
lod_min_hysteresis = 0.0
lod_max_distance = 0.0
lod_max_hysteresis = 0.0
mesh = ExtResource( 3 )
skeleton = NodePath("..")
material/0 = null
_sections_unfolded = [ "Geometry" ]

[node name="Teacup-centertower" type="MeshInstance" parent="TeacupCraterRoof/Teacup-watertank"]

transform = Transform( 10, -2.34228e-06, -8.68386e-08, -2.26777e-06, 10, -1.7276e-06, -8.68388e-08, -1.67172e-06, 10, -1.78814e-07, -17.063, -4.47035e-08 )
layers = 1
material_override = null
cast_shadow = 1
extra_cull_margin = 0.0
use_in_baked_light = true
lod_min_distance = 0.0
lod_min_hysteresis = 0.0
lod_max_distance = 0.0
lod_max_hysteresis = 0.0
mesh = ExtResource( 4 )
skeleton = NodePath("..")
material/0 = null
_sections_unfolded = [ "Geometry" ]

[node name="OmniLight" type="OmniLight" parent="TeacupCraterRoof/Teacup-watertank/Teacup-centertower"]

layers = 1
light_color = Color( 1, 1, 1, 1 )
light_energy = 0.1
light_indirect_energy = 1.0
light_negative = false
light_specular = 0.5
light_bake_mode = 1
light_cull_mask = -1
shadow_enabled = false
shadow_color = Color( 0, 0, 0, 1 )
shadow_bias = 0.15
shadow_contact = 0.0
shadow_reverse_cull_face = false
editor_only = false
omni_range = 7.30344
omni_attenuation = 1.0
omni_shadow_mode = 1
omni_shadow_detail = 1
_sections_unfolded = [ "Light" ]

[node name="Teacup-Planters001" type="MeshInstance" parent="TeacupCraterRoof/Teacup-watertank"]

transform = Transform( 0.999958, -0.0090691, 0.00125397, 0.00905295, 0.999887, 0.0120045, -0.00136271, -0.011993, 0.999927, -2.38419e-07, -4.45679, 0 )
layers = 1
material_override = null
cast_shadow = 1
extra_cull_margin = 0.0
use_in_baked_light = true
lod_min_distance = 0.0
lod_min_hysteresis = 0.0
lod_max_distance = 0.0
lod_max_hysteresis = 0.0
mesh = ExtResource( 5 )
skeleton = NodePath("..")
material/0 = null
_sections_unfolded = [ "Geometry" ]

[node name="TeacupCraterFloor" type="MeshInstance" parent="TeacupCraterRoof" groups=[
"floor",
]]

transform = Transform( 0.999958, 0.00905317, -0.00136269, -0.00906841, 0.999887, -0.0119925, 0.00125399, 0.0120047, 0.999927, 0.026994, -5.1115, -0.0846853 )
layers = 1
material_override = null
cast_shadow = 1
extra_cull_margin = 0.0
use_in_baked_light = true
lod_min_distance = 0.0
lod_min_hysteresis = 0.0
lod_max_distance = 0.0
lod_max_hysteresis = 0.0
mesh = ExtResource( 6 )
skeleton = NodePath("..")
material/0 = null
_sections_unfolded = [ "Geometry" ]

[node name="TeacupCraterFloor_col" type="StaticBody" parent="TeacupCraterRoof/TeacupCraterFloor"]

input_ray_pickable = true
input_capture_on_drag = false
collision_layer = 1
collision_mask = 1
friction = 1.0
bounce = 0.0
constant_linear_velocity = Vector3( 0, 0, 0 )
constant_angular_velocity = Vector3( 0, 0, 0 )

[node name="CollisionShape" type="CollisionShape" parent="TeacupCraterRoof/TeacupCraterFloor/TeacupCraterFloor_col"]

shape = ExtResource( 7 )
disabled = false

[node name="Truss-Bases" type="MeshInstance" parent="TeacupCraterRoof"]

transform = Transform( -0.1972, 0.01793, -1.9706, -0.0218726, 1.9803, 0.0202062, 1.97056, 0.0237756, -0.19698, -4.12601, -4.85553, -0.569763 )
layers = 1
material_override = null
cast_shadow = 1
extra_cull_margin = 0.0
use_in_baked_light = true
lod_min_distance = 0.0
lod_min_hysteresis = 0.0
lod_max_distance = 0.0
lod_max_hysteresis = 0.0
mesh = ExtResource( 8 )
skeleton = NodePath("..")
material/0 = null
_sections_unfolded = [ "Geometry" ]

[node name="Truss-Triangular-67m" type="MeshInstance" parent="TeacupCraterRoof"]

transform = Transform( 0.999958, 0.00905317, -0.00136269, -0.00906841, 0.999887, -0.0119925, 0.00125399, 0.0120047, 0.999927, -4.16804, 0.99378, -0.518686 )
layers = 1
material_override = null
cast_shadow = 1
extra_cull_margin = 0.0
use_in_baked_light = false
lod_min_distance = 0.0
lod_min_hysteresis = 0.0
lod_max_distance = 0.0
lod_max_hysteresis = 0.0
mesh = ExtResource( 9 )
skeleton = NodePath("..")
material/0 = null


