[gd_scene load_steps=8 format=2]

[ext_resource path="res://world_environments/StarrySky.tres" type="Environment" id=1]
[ext_resource path="res://world_environments/NASA-Goddard-SVS-starmap-LevelledDesat-8k.png" type="Texture" id=2]
[ext_resource path="res://scenes/TerrainWithMarkers.tscn" type="PackedScene" id=3]

[sub_resource type="SphereMesh" id=1]
flip_faces = true
radius = 2000.0
height = 2000.0
is_hemisphere = true

[sub_resource type="SpatialMaterial" id=2]
flags_unshaded = true
flags_do_not_receive_shadows = true
flags_disable_ambient_light = true
albedo_texture = ExtResource( 2 )

[sub_resource type="Curve3D" id=3]
_data = {
"points": PoolVector3Array( 0, 0, 0, 0, 0, 0, -7184.16, -192983, -879.757, 0, 0, 0, 0, 0, 0, -7093.5, -192983, -972.613, 0, 0, 0, 0, 0, 0, -6966.03, -192983, -1002.28, 0, 0, 0, 0, 0, 0, -6966.01, -192865, -935.4, 0, 0, 0, 0, 0, 0, -6949, -192865, -910.525, 0, 0, 0, 0, 0, 0, -7013.29, -192865, -891.295, 0, 0, 0, 0, 0, 0, -6966.73, -192865, -922.651, 0, 0, 0, 0, 0, 0, -6954.65, -192865, -938.585, 0, 0, 0, 0, 0, 0, -6954.64, -192984, -1012.76, 0, 0, 0, 0, 0, 0, -6990.49, -192984, -1005.83, 0, 0, 0, 0, 0, 0, -7088.16, -192984, -986.936, 0, 0, 0, 0, 0, 0, -7210.14, -192984, -854.316, 0, 0, 0, 0, 0, 0, -7200.49, -192984, -804.105, 0, 0, 0, 0, 0, 0, -7280.08, -193104, -778.441, 0, 0, 0, 0, 0, 0, -7295.11, -193104, -810.318, 0, 0, 0, 0, 0, 0, -7323.01, -193104, -830.207, 0, 0, 0, 0, 0, 0, -7351.51, -193104, -854.252, 0, 0, 0, 0, 0, 0, -7376.98, -193104, -863.444, 0, 0, 0, 0, 0, 0, -7382.57, -193104, -865.46, 0, 0, 0, 0, 0, 0, -7366.45, -193104, -878.828, 0, 0, 0, 0, 0, 0, -7349.66, -193104, -894.009, 0, 0, 0, 0, 0, 0, -7369.1, -193104, -903.949, 0, 0, 0, 0, 0, 0, -7344.76, -193104, -949.366, 0, 0, 0, 0, 0, 0, -7382.81, -193104, -956.653, 0, 0, 0, 0, 0, 0, -7380.14, -193104, -926.078, 0, 0, 0, 0, 0, 0, -7339.09, -193103, -982.364, 0, 0, 0, 0, 0, 0, -7265.14, -193223, -1007.79, 0, 0, 0, 0, 0, 0, -7251.79, -193223, -977.085, 0, 0, 0, 0, 0, 0, -7404.05, -193223, -901.563, 0, 0, 0, 0, 0, 0, -7372.9, -193227, -872.114, 0, 0, 0, 0, 0, 0, -7308.05, -193337, -906.554, 0, 0, 0, 0, 0, 0, -7357.5, -193337, -987.322, 0, 0, 0, 0, 0, 0, -7377.48, -193337, -1030.85, 0, 0, 0, 0, 0, 0, -7438.78, -193337, -1061.5, 0, 0, 0, 0, 0, 0, -7379.52, -193337, -1080, 0, 0, 0, 0, 0, 0, -7335.94, -193332, -1047.23, 0, 0, 0, 0, 0, 0, -7259.96, -193455, -1048 ),
"tilts": PoolRealArray( 0, 0, 0, 0, 0, 0, 0, 0, 0, 0, 0, 0, 0, 0, 0, 0, 0, 0, 0, 0, 0, 0, 0, 0, 0, 0, 0, 0, 0, 0, 0, 0, 0, 0, 0, 0, 0 )
}

[sub_resource type="Curve3D" id=4]
_data = {
"points": PoolVector3Array( 0, 0, 0, 0, 0, 0, -7200.06, -192983, -803.567, 0, 0, 0, 0, 0, 0, -7189.5, -192983, -881.006, 0, 0, 0, 0, 0, 0, -7127.95, -192983, -950.61, 0, 0, 0, 0, 0, 0, -7026.18, -192983, -990.995, 0, 0, 0, 0, 0, 0, -6969.38, -192983, -1005.59, 0, 0, 0, 0, 0, 0, -6957.04, -192861, -928.044, 0, 0, 0, 0, 0, 0, -7002.15, -192861, -884.283, 0, 0, 0, 0, 0, 0, -7024.13, -192861, -818.899, 0, 0, 0, 0, 0, 0, -6951.05, -192861, -751.318, 0, 0, 0, 0, 0, 0, -6787.69, -192861, -730.832, 0, 0, 0, 0, 0, 0, -6773.74, -192861, -803.199, 0, 0, 0, 0, 0, 0, -6605.16, -192861, -841.187, 0, 0, 0, 0, 0, 0, -6576.04, -192861, -903.823, 0, 0, 0, 0, 0, 0, -6542.52, -192861, -838.989, 0, 0, 0, 0, 0, 0, -6493.07, -192861, -781.298, 0, 0, 0, 0, 0, 0, -6441.97, -192861, -770.858, 0, 0, 0, 0, 0, 0, -6381.56, -192861, -760.74, 0, 0, 0, 0, 0, 0, -6348.04, -192861, -630.825, 0, 0, 0, 0, 0, 0, -6224.66, -192861, -677.068, 0, 0, 0, 0, 0, 0, -6147.74, -192867, -750.419, 0, 0, 0, 0, 0, 0, -6131.8, -192861, -814.154, 0, 0, 0, 0, 0, 0, -6187.36, -192861, -884.053, 0, 0, 0, 0, 0, 0, -6302.28, -192861, -897.274, 0, 0, 0, 0, 0, 0, -6363.3, -192861, -861.68, 0, 0, 0, 0, 0, 0, -6377.54, -192861, -803.712, 0, 0, 0, 0, 0, 0, -6250.42, -192861, -771.169, 0, 0, 0, 0, 0, 0, -6318.07, -192861, -776.792, 0, 0, 0, 0, 0, 0, -6247.74, -192861, -861.955, 0, 0, 0, 0, 0, 0, -6180.71, -192861, -748.221 ),
"tilts": PoolRealArray( 0, 0, 0, 0, 0, 0, 0, 0, 0, 0, 0, 0, 0, 0, 0, 0, 0, 0, 0, 0, 0, 0, 0, 0, 0, 0, 0, 0, 0 )
}

[node name="world" type="Spatial"]

[node name="WorldEnvironment" type="WorldEnvironment" parent="."]
environment = ExtResource( 1 )

[node name="SkyDome" type="MeshInstance" parent="."]
transform = Transform( 2, 0, 0, 0, 2, 0, 0, 0, 2, -982.38, -2203.2, 0 )
visible = false
cast_shadow = 0
mesh = SubResource( 1 )
material/0 = SubResource( 2 )

[node name="DirectionalLight" type="DirectionalLight" parent="."]
transform = Transform( 0.464405, -0.383106, -0.798472, 0.542739, -0.589336, 0.598429, -0.69983, -0.711276, -0.0657634, -115.743, -1866.29, 119.666 )
visible = false
light_energy = 2.0
shadow_enabled = true
shadow_bias = 0.03
directional_shadow_split_1 = 0.01
directional_shadow_split_2 = 0.02
directional_shadow_split_3 = 0.05
directional_shadow_blend_splits = true
directional_shadow_normal_bias = 0.15
directional_shadow_depth_range = 1

[node name="Terrain" parent="." instance=ExtResource( 3 )]

[node name="Navigation" type="Spatial" parent="."]
transform = Transform( -0.997314, 0, 0.0732408, 0, 1, 0, -0.0732408, 0, -0.997314, -55.4482, -1929.8, -14.3414 )
visible = false
__meta__ = {
"_edit_group_": true
}

[node name="Position3D" type="Position3D" parent="Navigation"]
transform = Transform( 1, 0, 0, 0, 1, 0, 0, 0, 1, -0.152401, 0.0196533, -2.07525 )

[node name="Position3D2" type="Position3D" parent="Navigation"]
transform = Transform( 1, 0, 0, 0, 1, 0, 0, 0, 1, 2.39943, 0.0196533, -2.3587 )

[node name="Position3D3" type="Position3D" parent="Navigation"]
transform = Transform( 1, 0, 0, 0, 1, 0, 0, 0, 1, 4.47644, 0.0196533, -2.51122 )

[node name="Position3D4" type="Position3D" parent="Navigation"]
transform = Transform( 1, 0, 0, 0, 1, 0, 0, 0, 1, 6.00816, 0.0196533, -3.00821 )

[node name="Position3D5" type="Position3D" parent="Navigation"]
transform = Transform( 1, 0, 0, 0, 1, 0, 0, 0, 1, 6.92213, 0.0196533, -3.73958 )

[node name="Position3D6" type="Position3D" parent="Navigation"]
transform = Transform( 1, 0, 0, 0, 1, 0, 0, 0, 1, 7.59862, 0.0196533, -4.55398 )

[node name="Position3D7" type="Position3D" parent="Navigation"]
transform = Transform( 1, 0, 0, 0, 1, 0, 0, 0, 1, 7.5404, 0.0196533, -5.34678 )

[node name="Position3D8" type="Position3D" parent="Navigation"]
transform = Transform( 1, 0, 0, 0, 1, 0, 0, 0, 1, 7.03601, 0.0196533, -5.49437 )

[node name="Position3D9" type="Position3D" parent="Navigation"]
transform = Transform( 1, 0, 0, 0, 1, 0, 0, 0, 1, 6.37326, 0.0196533, -5.89099 )

[node name="Position3D10" type="Position3D" parent="Navigation"]
transform = Transform( 1, 0, 0, 0, 1, 0, 0, 0, 1, 6.29039, 0.0196533, -7.01944 )

[node name="Position3D11" type="Position3D" parent="Navigation"]
transform = Transform( 1, 0, 0, 0, 1, 0, 0, 0, 1, 7.82662, 0.0196533, -8.13518 )

[node name="Position3D12" type="Position3D" parent="Navigation"]
transform = Transform( 1, 0, 0, 0, 1, 0, 0, 0, 1, 9.5933, 0.0196533, -8.26492 )

[node name="Position3D13" type="Position3D" parent="Navigation"]
transform = Transform( 1, 0, 0, 0, 1, 0, 0, 0, 1, 10.9186, 0.0196533, -7.86195 )

[node name="Position3D14" type="Position3D" parent="Navigation"]
transform = Transform( 1, 0, 0, 0, 1, 0, 0, 0, 1, 12.1432, 0.0196533, -7.43917 )

[node name="Position3D15" type="Position3D" parent="Navigation"]
transform = Transform( 1, 0, 0, 0, 1, 0, 0, 0, 1, 13.7891, 0.0196533, -7.70226 )

[node name="Position3D16" type="Position3D" parent="Navigation"]
transform = Transform( 1, 0, 0, 0, 1, 0, 0, 0, 1, 15.201, 0.0196533, -7.80594 )

[node name="Cross17-20" type="Position3D" parent="Navigation"]
transform = Transform( 1, 0, 0, 0, 1, 0, 0, 0, 1, 16.0097, 0.0196533, -7.47025 )

[node name="Cross17-21" type="Position3D" parent="Navigation"]
transform = Transform( 1, 0, 0, 0, 1, 0, 0, 0, 1, 17.0149, -1.24634, -7.8284 )

[node name="Position3D22" type="Position3D" parent="Navigation"]
transform = Transform( 0.986213, 0, 0.165479, 0, 1, 0, -0.165479, 0, 0.986213, 17.7145, -1.24634, -6.82499 )

[node name="Position3D23" type="Position3D" parent="Navigation"]
transform = Transform( 0.986212, 0, 0.165479, 0, 1, 0, -0.165479, 0, 0.986212, 15.8426, -1.24634, -7.52056 )

[node name="Position3D24" type="Position3D" parent="Navigation"]
transform = Transform( 0.986212, 0, 0.165479, 0, 1, 0, -0.165479, 0, 0.986212, 14.4572, -1.24634, -7.65496 )

[node name="Position3D25" type="Position3D" parent="Navigation"]
transform = Transform( 0.986212, 0, 0.165479, 0, 1, 0, -0.165479, 0, 0.986212, 11.8909, -1.24634, -7.70983 )

[node name="Position3D26" type="Position3D" parent="Navigation"]
transform = Transform( 0.986212, 0, 0.165479, 0, 1, 0, -0.165479, 0, 0.986212, 9.88506, -1.24634, -8.26759 )

[node name="Position3D27" type="Position3D" parent="Navigation"]
transform = Transform( 0.986212, 0, 0.165479, 0, 1, 0, -0.165479, 0, 0.986212, 6.1589, -1.24634, -7.99395 )

[node name="Position3D28" type="Position3D" parent="Navigation"]
transform = Transform( 0.986212, 0, 0.165479, 0, 1, 0, -0.165479, 0, 0.986212, 6.24283, -1.24634, -6.85107 )

[node name="Cross17-22" type="Position3D" parent="Navigation"]
transform = Transform( 1, 0, 0, 0, 1, 0, 0, 0, 1, 17.698, -1.24634, -5.83016 )

[node name="Cross17-23" type="Position3D" parent="Navigation"]
transform = Transform( 1, 0, 0, 0, 1, 0, 0, 0, 1, 16.8459, -2.45117, -5.48234 )

[node name="Position3D29" type="Position3D" parent="Navigation"]
transform = Transform( 1, 0, 0, 0, 1, 0, 0, 0, 1, 16.0964, -2.45117, -5.42729 )

[node name="Position3D30" type="Position3D" parent="Navigation"]
transform = Transform( 1, 0, 0, 0, 1, 0, 0, 0, 1, 15.2936, -2.45117, -5.15714 )

[node name="Position3D31" type="Position3D" parent="Navigation"]
transform = Transform( 1, 0, 0, 0, 1, 0, 0, 0, 1, 13.295, -2.45117, -5.01036 )

[node name="Position3D32" type="Position3D" parent="Navigation"]
transform = Transform( 1, 0, 0, 0, 1, 0, 0, 0, 1, 10.9139, -2.45117, -5.2463 )

[node name="Position3D40" type="Position3D" parent="Navigation"]
transform = Transform( 1, 0, 0, 0, 1, 0, 0, 0, 1, 8.71535, -2.45117, -5.52022 )

[node name="Position3D41" type="Position3D" parent="Navigation"]
transform = Transform( 1, 0, 0, 0, 1, 0, 0, 0, 1, 7.54065, -2.45117, -5.871 )

[node name="Position3D42" type="Position3D" parent="Navigation"]
transform = Transform( 1, 0, 0, 0, 1, 0, 0, 0, 1, 6.56899, -2.45117, -7.05136 )

[node name="Position3D43" type="Position3D" parent="Navigation"]
transform = Transform( 1, 0, 0, 0, 1, 0, 0, 0, 1, 7.37108, -2.45117, -8.19209 )

[node name="Position3D44" type="Position3D" parent="Navigation"]
transform = Transform( 1, 0, 0, 0, 1, 0, 0, 0, 1, 9.48259, -2.45117, -8.49877 )

[node name="Position3D45" type="Position3D" parent="Navigation"]
transform = Transform( 0.919941, 0, 0.392056, 0, 1, 0, -0.392056, 0, 0.919941, 9.88325, -2.45117, -8.52819 )

[node name="Position3D46" type="Position3D" parent="Navigation"]
transform = Transform( 0.919941, 0, 0.392056, 0, 1, 0, -0.392056, 0, 0.919941, 11.322, -2.45117, -7.9319 )

[node name="Position3D47" type="Position3D" parent="Navigation"]
transform = Transform( 0.919941, 0, 0.392056, 0, 1, 0, -0.392056, 0, 0.919941, 11.322, -2.45117, -7.9319 )

[node name="Position3D33" type="Position3D" parent="Navigation"]
transform = Transform( 1, 0, 0, 0, 1, 0, 0, 0, 1, 10.8938, -2.45117, -6.46574 )

[node name="Position3D34" type="Position3D" parent="Navigation"]
transform = Transform( 1, 0, 0, 0, 1, 0, 0, 0, 1, 11.1999, -2.45117, -7.56823 )

[node name="Position3D35" type="Position3D" parent="Navigation"]
transform = Transform( 1, 0, 0, 0, 1, 0, 0, 0, 1, 13.6927, -2.45117, -7.7513 )

[node name="Position3D36" type="Position3D" parent="Navigation"]
transform = Transform( 1, 0, 0, 0, 1, 0, 0, 0, 1, 15.915, -2.45117, -7.9145 )

[node name="Position3D37" type="Position3D" parent="Navigation"]
transform = Transform( 1, 0, 0, 0, 1, 0, 0, 0, 1, 17.9733, -2.45117, -7.7077 )

[node name="Position3D38" type="Position3D" parent="Navigation"]
transform = Transform( 1, 0, 0, 0, 1, 0, 0, 0, 1, 18.0216, -2.45117, -7.05059 )

[node name="Position3D39" type="Position3D" parent="Navigation"]
transform = Transform( 1, 0, 0, 0, 1, 0, 0, 0, 1, 18.0857, -2.45117, -6.17729 )

[node name="Position3D18" type="Position3D" parent="Navigation"]
transform = Transform( 1, 0, 0, 0, 1, 0, 0, 0, 1, 16.0529, 0.0196533, -6.88228 )

[node name="Position3D19" type="Position3D" parent="Navigation"]
transform = Transform( 1, 0, 0, 0, 1, 0, 0, 0, 1, 15.8818, 0.0196533, -6.43607 )

[node name="spawn_points" type="Spatial" parent="."]
visible = false
__meta__ = {
"_edit_group_": true
}

[node name="0" type="Position3D" parent="spawn_points"]
transform = Transform( -0.997314, 0, 0.0732408, 0, 1, 0, -0.0732408, 0, -0.997314, -55.4482, -1929.8, -14.3414 )

[node name="1" type="Position3D" parent="spawn_points"]
transform = Transform( -0.997314, 0, 0.0732408, 0, 1, 0, -0.0732408, 0, -0.997314, -55.4482, -1929.8, -14.8894 )

[node name="2" type="Position3D" parent="spawn_points"]
transform = Transform( -0.997314, 0, 0.0732408, 0, 1, 0, -0.0732408, 0, -0.997314, -55.4482, -1929.8, -15.5764 )

[node name="3" type="Position3D" parent="spawn_points"]
transform = Transform( -0.997314, 0, 0.0732408, 0, 1, 0, -0.0732408, 0, -0.997314, -51.4516, -1929.86, -12.17 )

[node name="4" type="Position3D" parent="spawn_points"]
transform = Transform( 0.996194, 0, -0.0871557, 0, 1, 0, 0.0871557, 0, 0.996194, -52.4997, -1929.86, -11.5596 )

[node name="5" type="Position3D" parent="spawn_points"]
transform = Transform( -0.997314, 0, 0.0732408, 0, 1, 0, -0.0732408, 0, -0.997314, -53.4978, -1929.86, -12.245 )

[node name="6" type="Position3D" parent="spawn_points"]
transform = Transform( 0.996194, 0, -0.0871557, 0, 1, 0, 0.0871557, 0, 0.996194, -54.4605, -1929.86, -11.5229 )

[node name="7" type="Position3D" parent="spawn_points"]
transform = Transform( 0.996194, 0, -0.0871557, 0, 1, 0, 0.0871557, 0, 0.996194, -56.4462, -1929.86, -11.5229 )

[node name="8" type="Position3D" parent="spawn_points"]
transform = Transform( -0.997314, 0, 0.0732408, 0, 1, 0, -0.0732408, 0, -0.997314, -57.4572, -1929.86, -12.2521 )

[node name="9" type="Position3D" parent="spawn_points"]
transform = Transform( 0.996194, 0, -0.0871557, 0, 1, 0, 0.0871557, 0, 0.996194, -58.4564, -1929.86, -11.5319 )

[node name="10" type="Position3D" parent="spawn_points"]
transform = Transform( -0.997314, 0, 0.0732408, 0, 1, 0, -0.0732408, 0, -0.997314, -59.4707, -1929.86, -12.2348 )

[node name="players" type="Spatial" parent="."]

[node name="scene_id_30160" type="Spatial" parent="."]

[node name="paths" type="Spatial" parent="."]
transform = Transform( 0.1, 0, 0, 0, 0.1, 0, 0, 0, 0.1, 0, 0, 0 )

[node name="Path2" type="Path" parent="paths"]
transform = Transform( 0.1, 0, 0, 0, 0.1, 0, 0, 0, 0.1, 0, 0, 0 )
curve = SubResource( 3 )

[node name="Path" type="Path" parent="paths"]
transform = Transform( 0.1, 0, 0, 0, 0.1, 0, 0, 0, 0.1, 0, 0, 0 )
curve = SubResource( 4 )
