[gd_scene load_steps=4 format=2]

[ext_resource path="res://assets/Player/player_flycamera.tscn" type="PackedScene" id=1]
[ext_resource path="res://world_environments/StarrySky.tres" type="Environment" id=2]
[ext_resource path="res://scenes/TerrainWithMarkers.tscn" type="PackedScene" id=3]

[node name="world" type="Spatial" index="0"]

[node name="FlyCamera" parent="." index="0" instance=ExtResource( 1 )]

transform = Transform( -0.997314, 0, 0.0732408, 0, 1, 0, -0.0732408, 0, -0.997314, -51.2514, -1922.5, 47.991 )

[node name="DirectionalLight" type="DirectionalLight" parent="." index="1"]

transform = Transform( 0.0471507, 0.865137, -0.499315, -0.00299724, 0.499991, 0.866026, 0.998883, -0.0393371, 0.0261679, 0, -1818.54, 0 )
layers = 1
light_color = Color( 1, 1, 1, 1 )
light_energy = 1.0
light_indirect_energy = 0.0
light_negative = false
light_specular = 0.5
light_bake_mode = 1
light_cull_mask = -1
shadow_enabled = true
shadow_color = Color( 0, 0, 0, 1 )
shadow_bias = 0.1
shadow_contact = 0.0
shadow_reverse_cull_face = false
editor_only = false
directional_shadow_mode = 2
directional_shadow_split_1 = 0.1
directional_shadow_split_2 = 0.2
directional_shadow_split_3 = 0.5
directional_shadow_blend_splits = true
directional_shadow_normal_bias = 0.8
directional_shadow_bias_split_scale = 0.25
directional_shadow_depth_range = 0
directional_shadow_max_distance = 200.0
_sections_unfolded = [ "Light", "Transform" ]

[node name="WorldEnvironment" type="WorldEnvironment" parent="." index="2"]

environment = ExtResource( 2 )

[node name="Camera" type="Camera" parent="WorldEnvironment" index="0"]

keep_aspect = 1
cull_mask = 1048575
environment = null
h_offset = 0.0
v_offset = 0.0
doppler_tracking = 0
projection = 0
current = false
fov = 70.0
size = 1.0
near = 0.05
far = 100.0

[node name="Terrain" parent="." index="3" instance=ExtResource( 3 )]

[node name="spawn_points" type="Spatial" parent="." index="4"]

editor/display_folded = true
_sections_unfolded = [ "Transform" ]

[node name="0" type="Position3D" parent="spawn_points" index="0"]

transform = Transform( -0.997314, 0, 0.0732408, 0, 1, 0, -0.0732408, 0, -0.997314, -51.2514, -1922.5, 47.991 )

[node name="1" type="Position3D" parent="spawn_points" index="1"]

transform = Transform( -0.997314, 0, 0.0732408, 0, 1, 0, -0.0732408, 0, -0.997314, -51.2514, -1922.5, 54.5361 )

[node name="2" type="Position3D" parent="spawn_points" index="2"]

transform = Transform( -0.997314, 0, 0.0732408, 0, 1, 0, -0.0732408, 0, -0.997314, -51.2514, -1922.5, 51.2183 )

[node name="3" type="Position3D" parent="spawn_points" index="3"]

transform = Transform( -0.997314, 0, 0.0732408, 0, 1, 0, -0.0732408, 0, -0.997314, -51.2514, -1922.5, 57.8166 )

[node name="players" type="Spatial" parent="." index="5"]

[node name="VisibilityEnabler" type="VisibilityEnabler" parent="." index="6"]

aabb = AABB( -1, -1, -1, 2, 2, 2 )
pause_animations = true
freeze_bodies = true


