[gd_scene load_steps=6 format=2]

[ext_resource path="res://assets/Player/flycamera/player.tscn" type="PackedScene" id=1]
[ext_resource path="res://world_environments/StarrySky.tres" type="Environment" id=2]
[ext_resource path="res://scenes/TerrainWithMarkers.tscn" type="PackedScene" id=3]
[ext_resource path="res://assets/Player/avatar_v1/player.tscn" type="PackedScene" id=4]
[ext_resource path="res://assets/media_mode_camera.tscn" type="PackedScene" id=5]


[node name="world" type="Spatial"]

[node name="FlyCamera" parent="." instance=ExtResource( 1 )]
transform = Transform( -0.997314, 0, 0.0732408, 0, 1, 0, -0.0732408, 0, -0.997314, -51.2514, -1922.5, 47.991 )

[node name="DirectionalLight" type="DirectionalLight" parent="."]
transform = Transform( 0.0471507, 0.865137, -0.499315, -0.00299724, 0.499991, 0.866026, 0.998883, -0.0393371, 0.0261679, 0, -1818.54, 0 )
light_indirect_energy = 0.0
shadow_enabled = true
directional_shadow_blend_splits = true

[node name="WorldEnvironment" type="WorldEnvironment" parent="."]
environment = ExtResource( 2 )

[node name="Camera" type="Camera" parent="WorldEnvironment"]

[node name="Terrain" parent="." instance=ExtResource( 3 )]

[node name="Set_MoltenSoilReactors" parent="Terrain" index="1"]
editor/display_folded = false

[node name="Empty_MoltenSoilReactor006" parent="Terrain/Set_MoltenSoilReactors" index="1"]
editor/display_folded = false

[node name="Empty_MoltenSoilReactor004" parent="Terrain/Set_MoltenSoilReactors" index="3"]
editor/display_folded = false

[node name="Empty_MoltenSoilReactor003" parent="Terrain/Set_MoltenSoilReactors" index="4"]
editor/display_folded = false

[node name="Set_BoatRadiators" parent="Terrain" index="2"]
editor/display_folded = false

[node name="Empty_Radiator-BoatRad012" parent="Terrain/Set_BoatRadiators" index="8"]
editor/display_folded = false

[node name="Empty_Radiator-BoatRad008" parent="Terrain/Set_BoatRadiators" index="12"]
editor/display_folded = false

[node name="Empty_Spaceport" parent="Terrain" index="4"]
editor/display_folded = false

[node name="Empty_RadarTower" parent="Terrain" index="5"]
editor/display_folded = false

[node name="Empty_MainHangars" parent="Terrain" index="8"]
editor/display_folded = false

[node name="Empty_FirstHangars" parent="Terrain" index="9"]
editor/display_folded = false

[node name="Empty_AtriumHab" parent="Terrain" index="11"]
editor/display_folded = false

[node name="Empty_TeacupCrater" parent="Terrain" index="12"]
editor/display_folded = false

[node name="Empty_LongDome" parent="Terrain" index="35"]
editor/display_folded = false

[node name="Empty_NorthLongAtrium" parent="Terrain" index="37"]
editor/display_folded = false

[node name="Empty_SouthLongAtrium" parent="Terrain" index="39"]
editor/display_folded = false

[node name="spawn_points" type="Spatial" parent="."]
editor/display_folded = true

[node name="0" type="Position3D" parent="spawn_points"]
transform = Transform( -0.997314, 0, 0.0732408, 0, 1, 0, -0.0732408, 0, -0.997314, -51.2514, -1922.5, 47.991 )

[node name="1" type="Position3D" parent="spawn_points"]
transform = Transform( -0.997314, 0, 0.0732408, 0, 1, 0, -0.0732408, 0, -0.997314, -51.2514, -1922.5, 54.5361 )

[node name="2" type="Position3D" parent="spawn_points"]
transform = Transform( -0.997314, 0, 0.0732408, 0, 1, 0, -0.0732408, 0, -0.997314, -51.2514, -1922.5, 51.2183 )

[node name="3" type="Position3D" parent="spawn_points"]
transform = Transform( -0.997314, 0, 0.0732408, 0, 1, 0, -0.0732408, 0, -0.997314, -51.2514, -1922.5, 57.8166 )

[node name="players" type="Spatial" parent="."]
transform = Transform( 1, 0, 0, 0, 1, 0, 0, 0, 1, -34.8563, -1933.24, 0 )

[node name="KinematicBody" parent="players" instance=ExtResource( 4 )]
transform = Transform( 1, 0, 0, 0, 1, 0, 0, 0, 1, -20.5957, 3.51404, -12.226 )
accel = 2.0
deaccel = 2.0
FPSCamera = false
thRDPersCamera = true
WALKSPEED = 1.0
RUNSPEED = 2.0
Camera = NodePath("../../WorldEnvironment/Camera")

[node name="MediaModeCamera" parent="players" instance=ExtResource( 5 )]
transform = Transform( 1, 0, 0, 0, 1, 0, 0, 0, 1, 0, 3.93701, 0 )

[node name="VisibilityEnabler" type="VisibilityEnabler" parent="."]


[editable path="Terrain"]
