[gd_scene load_steps=5 format=2]

[ext_resource path="res://Worlds/LegacyWorld/model_assets/meshes/BoatRadiator_50Scale__BoatRadiator_Opt_MirroredTrough_Opt.mesh" type="ArrayMesh" id=1]
[ext_resource path="res://Worlds/LegacyWorld/model_assets/meshes/BoatRadiator_50Scale__BoatRadiator_Opt.mesh" type="ArrayMesh" id=2]


[sub_resource type="ConcavePolygonShape" id=1]
data = PoolVector3Array( -0.1467, 0.0735, 0.1467, -0.1467, -0.0735, 0.1467, -0.1467, -0.0735, -0.1467, -0.1467, 0.0735, -0.1467, -0.1467, -0.0735, -0.1467, 0.1467, -0.0735, -0.1467, 0.1467, 0.0735, -0.1467, 0.1467, -0.0735, -0.1467, 0.1467, -0.0735, 0.1467, 0.1467, 0.0735, 0.1467, 0.1467, -0.0735, 0.1467, -0.1467, -0.0735, 0.1467, 0.1467, -0.0735, -0.1467, -0.1467, -0.0735, -0.1467, -0.1467, -0.0735, 0.1467, -0.1467, 0.0735, -0.1467, 0.1467, 0.0735, -0.1467, 0.1467, 0.0735, 0.1467, -0.007, -0.0723, 0.007, -0.007, -0.8603, 0.007, -0.007, -0.8603, -0.007, -0.007, -0.0723, -0.007, -0.007, -0.8603, -0.007, 0.007, -0.8603, -0.007, 0.007, -0.0723, -0.007, 0.007, -0.8603, -0.007, 0.007, -0.8603, 0.007, 0.007, -0.0723, 0.007, 0.007, -0.8603, 0.007, -0.007, -0.8603, 0.007, 0.007, -0.8603, -0.007, -0.007, -0.8603, -0.007, -0.007, -0.8603, 0.007, -0.007, -0.0723, -0.007, 0.007, -0.0723, -0.007, 0.007, -0.0723, 0.007, -0.1467, 0.0735, 0.1467, -0.1467, -0.0735, -0.1467, -0.1467, 0.0735, -0.1467, -0.1467, 0.0735, -0.1467, 0.1467, -0.0735, -0.1467, 0.1467, 0.0735, -0.1467, 0.1467, 0.0735, -0.1467, 0.1467, -0.0735, 0.1467, 0.1467, 0.0735, 0.1467, 0.1467, 0.0735, 0.1467, -0.1467, -0.0735, 0.1467, -0.1467, 0.0735, 0.1467, 0.1467, -0.0735, -0.1467, -0.1467, -0.0735, 0.1467, 0.1467, -0.0735, 0.1467, -0.1467, 0.0735, -0.1467, 0.1467, 0.0735, 0.1467, -0.1467, 0.0735, 0.1467, -0.007, -0.0723, 0.007, -0.007, -0.8603, -0.007, -0.007, -0.0723, -0.007, -0.007, -0.0723, -0.007, 0.007, -0.8603, -0.007, 0.007, -0.0723, -0.007, 0.007, -0.0723, -0.007, 0.007, -0.8603, 0.007, 0.007, -0.0723, 0.007, 0.007, -0.0723, 0.007, -0.007, -0.8603, 0.007, -0.007, -0.0723, 0.007, 0.007, -0.8603, -0.007, -0.007, -0.8603, 0.007, 0.007, -0.8603, 0.007, -0.007, -0.0723, -0.007, 0.007, -0.0723, 0.007, -0.007, -0.0723, 0.007 )

[sub_resource type="ConcavePolygonShape" id=2]
data = PoolVector3Array( -1.0678, 0.6093, 0.5687, -0.4002, 0.0333, 0.5687, -0.4002, 0.0333, -0.5687, -1.0678, 0.6093, -0.5687, -0.4002, 0.0333, -0.5687, 0.4002, 0.0333, -0.5687, 1.0678, 0.6093, -0.5687, 0.4002, 0.0333, -0.5687, 0.4002, 0.0333, 0.5687, 1.0678, 0.6093, 0.5687, 0.4002, 0.0333, 0.5687, -0.4002, 0.0333, 0.5687, 0.4002, 0.0333, -0.5687, -0.4002, 0.0333, -0.5687, -0.4002, 0.0333, 0.5687, -1.0678, 0.6093, -0.5687, 1.0678, 0.6093, -0.5687, 1.0678, 0.6093, 0.5687, -1.0678, 0.6093, 0.5687, -0.4002, 0.0333, -0.5687, -1.0678, 0.6093, -0.5687, -1.0678, 0.6093, -0.5687, 0.4002, 0.0333, -0.5687, 1.0678, 0.6093, -0.5687, 1.0678, 0.6093, -0.5687, 0.4002, 0.0333, 0.5687, 1.0678, 0.6093, 0.5687, 1.0678, 0.6093, 0.5687, -0.4002, 0.0333, 0.5687, -1.0678, 0.6093, 0.5687, 0.4002, 0.0333, -0.5687, -0.4002, 0.0333, 0.5687, 0.4002, 0.0333, 0.5687, -1.0678, 0.6093, -0.5687, 1.0678, 0.6093, 0.5687, -1.0678, 0.6093, 0.5687 )

[node name="Scene" type="Spatial"]

[node name="MirroredTrough_Opt" type="MeshInstance" parent="."]
transform = Transform( -0.79657, 2.19918e-008, 0.604548, -7.56344e-008, 1, -1.36035e-007, -0.604548, -1.54086e-007, -0.79657, 0.447487, 0.612488, 0.341182 )
mesh = ExtResource( 1 )
material/0 = null
material/1 = null
material/2 = null
material/3 = null

[node name="StaticBody" type="StaticBody" parent="MirroredTrough_Opt"]
transform = Transform( -0.594462, -7.55428e-008, 0.804124, -1.54297e-007, 1, -2.01223e-008, -0.804124, -1.36036e-007, -0.594462, 0.562727, -0.572571, 0.00123802 )

[node name="CollisionShape" type="CollisionShape" parent="MirroredTrough_Opt/StaticBody"]
transform = Transform( -0.012601, 5.36783e-011, 0.99992, -7.33302e-011, 1, -5.46066e-011, -0.99992, -7.40125e-011, -0.012601, -1.14588e-006, -0.039917, -1.52456e-005 )
shape = SubResource( 1 )

[node name="CollisionShape2" type="CollisionShape" parent="MirroredTrough_Opt/StaticBody"]
transform = Transform( -0.806732, 5.36783e-011, 0.590917, -4.31287e-013, 1, -9.14276e-011, -0.590917, -7.40125e-011, -0.806732, -1.14588e-006, 0.0289756, -1.52456e-005 )
shape = SubResource( 2 )

[node name="BoatRadiator_Opt" type="MeshInstance" parent="MirroredTrough_Opt"]
transform = Transform( -0.594462, -7.55428e-008, 0.804124, -1.54297e-007, 1, -2.01223e-008, -0.804124, -1.36036e-007, -0.594462, 0.562727, -0.572571, 0.00123801 )
mesh = ExtResource( 2 )
material/0 = null
material/1 = null
material/2 = null
