[gd_scene load_steps=8 format=2]

[ext_resource path="res://model_assets/meshes/BoatRadiator_50Scale__Platter.mesh" type="ArrayMesh" id=1]
[ext_resource path="res://model_assets/meshes/BoatRadiator_50Scale__Platter_BoatRad-Tower.mesh" type="ArrayMesh" id=2]
[ext_resource path="res://model_assets/meshes/BoatRadiator_50Scale__Platter_HeatExchangeTank.mesh" type="ArrayMesh" id=3]
[ext_resource path="res://model_assets/meshes/BoatRadiator_50Scale__Platter_HeatPipes.mesh" type="ArrayMesh" id=4]
[ext_resource path="res://model_assets/meshes/BoatRadiator_50Scale__Platter_HeatPipes_Compressor.mesh" type="ArrayMesh" id=5]
[ext_resource path="res://model_assets/meshes/BoatRadiator_50Scale__Platter_HeatPipes_MirroredTrough.mesh" type="ArrayMesh" id=6]
[ext_resource path="res://model_assets/meshes/BoatRadiator_50Scale__Platter_HeatPipes_RadPanel.mesh" type="ArrayMesh" id=7]

[node name="Scene" type="Spatial" index="0"]

[node name="Platter" type="MeshInstance" parent="." index="0"]

layers = 1
material_override = null
cast_shadow = 1
extra_cull_margin = 0.0
use_in_baked_light = false
lod_min_distance = 0.0
lod_min_hysteresis = 0.0
lod_max_distance = 0.0
lod_max_hysteresis = 0.0
mesh = ExtResource( 1 )
skeleton = NodePath("..")
material/0 = null

[node name="BoatRad-Tower" type="MeshInstance" parent="Platter" index="0"]

transform = Transform( 0.480968, -9.67419e-10, 0.136638, -9.67417e-10, 0.5, 6.9454e-09, -0.136638, -6.9454e-09, 0.480968, -1.52588e-05, -0.0546265, 9.53674e-07 )
layers = 1
material_override = null
cast_shadow = 1
extra_cull_margin = 0.0
use_in_baked_light = false
lod_min_distance = 0.0
lod_min_hysteresis = 0.0
lod_max_distance = 0.0
lod_max_hysteresis = 0.0
mesh = ExtResource( 2 )
skeleton = NodePath("..")
material/0 = null

[node name="HeatExchangeTank" type="MeshInstance" parent="Platter" index="1"]

transform = Transform( -0.00630048, -3.66651e-11, -0.49996, 2.68391e-11, 0.5, -3.70063e-11, 0.49996, -2.73033e-11, -0.00630048, -1.52588e-05, 0.039917, 9.53674e-07 )
layers = 1
material_override = null
cast_shadow = 1
extra_cull_margin = 0.0
use_in_baked_light = false
lod_min_distance = 0.0
lod_min_hysteresis = 0.0
lod_max_distance = 0.0
lod_max_hysteresis = 0.0
mesh = ExtResource( 3 )
skeleton = NodePath("..")
material/0 = null

[node name="HeatPipes" type="MeshInstance" parent="Platter" index="2"]

transform = Transform( 0.41663, 4.2563e-11, -0.276441, -8.86255e-12, 0.5, 6.3627e-11, 0.276441, -4.81179e-11, 0.41663, -1.52588e-05, 0.0823364, 9.53674e-07 )
layers = 1
material_override = null
cast_shadow = 1
extra_cull_margin = 0.0
use_in_baked_light = false
lod_min_distance = 0.0
lod_min_hysteresis = 0.0
lod_max_distance = 0.0
lod_max_hysteresis = 0.0
mesh = ExtResource( 4 )
skeleton = NodePath("..")
material/0 = null

[node name="Compressor" type="MeshInstance" parent="Platter/HeatPipes" index="0"]

transform = Transform( -0.374329, -2.83845e-08, -0.927296, -1.67289e-07, 1, 3.69208e-08, 0.927296, 1.68947e-07, -0.374329, 0.000126298, 0.407104, -0.000665212 )
layers = 1
material_override = null
cast_shadow = 1
extra_cull_margin = 0.0
use_in_baked_light = false
lod_min_distance = 0.0
lod_min_hysteresis = 0.0
lod_max_distance = 0.0
lod_max_hysteresis = 0.0
mesh = ExtResource( 5 )
skeleton = NodePath("..")
material/0 = null

[node name="MirroredTrough" type="MeshInstance" parent="Platter/HeatPipes" index="1"]

transform = Transform( -0.997992, -6.68843e-08, 0.0633365, -7.56441e-08, 1, -1.35907e-07, -0.0633365, -1.40425e-07, -0.997992, 1.12304, 1.0603, 0.0737658 )
layers = 1
material_override = null
cast_shadow = 1
extra_cull_margin = 0.0
use_in_baked_light = false
lod_min_distance = 0.0
lod_min_hysteresis = 0.0
lod_max_distance = 0.0
lod_max_hysteresis = 0.0
mesh = ExtResource( 6 )
skeleton = NodePath("..")
material/0 = null

[node name="RadPanel" type="MeshInstance" parent="Platter/HeatPipes" index="2"]

transform = Transform( 0.0658149, -5.18146e-08, 0.997832, -1.53007e-08, 1, 5.29364e-08, -0.997832, -1.87515e-08, 0.065815, -0.0186956, 0.119629, -0.0016543 )
layers = 1
material_override = null
cast_shadow = 1
extra_cull_margin = 0.0
use_in_baked_light = false
lod_min_distance = 0.0
lod_min_hysteresis = 0.0
lod_max_distance = 0.0
lod_max_hysteresis = 0.0
mesh = ExtResource( 7 )
skeleton = NodePath("..")
material/0 = null


