[gd_scene load_steps=8 format=2]

[ext_resource path="res://model_assets/meshes/BoatRadiator_70Scale__Platter.mesh" type="ArrayMesh" id=1]
[ext_resource path="res://model_assets/meshes/BoatRadiator_70Scale__Platter_BoatRad-Tower.mesh" type="ArrayMesh" id=2]
[ext_resource path="res://model_assets/meshes/BoatRadiator_70Scale__Platter_HeatExchangeTank.mesh" type="ArrayMesh" id=3]
[ext_resource path="res://model_assets/meshes/BoatRadiator_70Scale__Platter_HeatPipes.mesh" type="ArrayMesh" id=4]
[ext_resource path="res://model_assets/meshes/BoatRadiator_70Scale__Platter_HeatPipes_Compressor.mesh" type="ArrayMesh" id=5]
[ext_resource path="res://model_assets/meshes/BoatRadiator_70Scale__Platter_HeatPipes_MirroredTrough.mesh" type="ArrayMesh" id=6]
[ext_resource path="res://model_assets/meshes/BoatRadiator_70Scale__Platter_HeatPipes_RadPanel.mesh" type="ArrayMesh" id=7]

[node name="Scene" type="Spatial" index="0"]

[node name="Platter" type="MeshInstance" parent="." index="0"]

layers = 1
material_override = null
cast_shadow = 1
extra_cull_margin = 0.0
use_in_baked_light = false
lod_min_distance = 0.0
lod_min_hysteresis = 0.0
lod_max_distance = 0.0
lod_max_hysteresis = 0.0
mesh = ExtResource( 1 )
skeleton = NodePath("..")
material/0 = null

[node name="BoatRad-Tower" type="MeshInstance" parent="Platter" index="0"]

transform = Transform( 0.673355, -1.35439e-09, 0.191293, -1.35438e-09, 0.7, 9.72356e-09, -0.191293, -9.72356e-09, 0.673355, -1.52588e-05, -0.0765381, 1.90735e-06 )
layers = 1
material_override = null
cast_shadow = 1
extra_cull_margin = 0.0
use_in_baked_light = false
lod_min_distance = 0.0
lod_min_hysteresis = 0.0
lod_max_distance = 0.0
lod_max_hysteresis = 0.0
mesh = ExtResource( 2 )
skeleton = NodePath("..")
material/0 = null

[node name="HeatExchangeTank" type="MeshInstance" parent="Platter" index="1"]

transform = Transform( -0.00882059, -5.13312e-11, -0.699944, 3.75748e-11, 0.7, -5.18088e-11, 0.699944, -3.82247e-11, -0.00882059, -1.52588e-05, 0.0557861, 1.90735e-06 )
layers = 1
material_override = null
cast_shadow = 1
extra_cull_margin = 0.0
use_in_baked_light = false
lod_min_distance = 0.0
lod_min_hysteresis = 0.0
lod_max_distance = 0.0
lod_max_hysteresis = 0.0
mesh = ExtResource( 3 )
skeleton = NodePath("..")
material/0 = null

[node name="HeatPipes" type="MeshInstance" parent="Platter" index="2"]

transform = Transform( 0.583282, 5.95882e-11, -0.387017, -1.24076e-11, 0.7, 8.90778e-11, 0.387017, -6.73651e-11, 0.583282, -1.52588e-05, 0.115234, 1.90735e-06 )
layers = 1
material_override = null
cast_shadow = 1
extra_cull_margin = 0.0
use_in_baked_light = false
lod_min_distance = 0.0
lod_min_hysteresis = 0.0
lod_max_distance = 0.0
lod_max_hysteresis = 0.0
mesh = ExtResource( 4 )
skeleton = NodePath("..")
material/0 = null

[node name="Compressor" type="MeshInstance" parent="Platter/HeatPipes" index="0"]

transform = Transform( -0.374329, -2.83845e-08, -0.927296, -1.67289e-07, 1, 3.69208e-08, 0.927296, 1.68947e-07, -0.374329, 0.00012542, 0.407192, -0.000678363 )
layers = 1
material_override = null
cast_shadow = 1
extra_cull_margin = 0.0
use_in_baked_light = false
lod_min_distance = 0.0
lod_min_hysteresis = 0.0
lod_max_distance = 0.0
lod_max_hysteresis = 0.0
mesh = ExtResource( 5 )
skeleton = NodePath("..")
material/0 = null

[node name="MirroredTrough" type="MeshInstance" parent="Platter/HeatPipes" index="1"]

transform = Transform( -0.997992, -6.68843e-08, 0.0633364, -7.56441e-08, 1, -1.35907e-07, -0.0633365, -1.40425e-07, -0.997992, 1.12305, 1.06027, 0.0737499 )
layers = 1
material_override = null
cast_shadow = 1
extra_cull_margin = 0.0
use_in_baked_light = false
lod_min_distance = 0.0
lod_min_hysteresis = 0.0
lod_max_distance = 0.0
lod_max_hysteresis = 0.0
mesh = ExtResource( 6 )
skeleton = NodePath("..")
material/0 = null

[node name="RadPanel" type="MeshInstance" parent="Platter/HeatPipes" index="2"]

transform = Transform( 0.0658149, -5.18146e-08, 0.997832, -1.53007e-08, 1, 5.29364e-08, -0.997832, -1.87515e-08, 0.0658151, -0.0186899, 0.119629, -0.00167318 )
layers = 1
material_override = null
cast_shadow = 1
extra_cull_margin = 0.0
use_in_baked_light = false
lod_min_distance = 0.0
lod_min_hysteresis = 0.0
lod_max_distance = 0.0
lod_max_hysteresis = 0.0
mesh = ExtResource( 7 )
skeleton = NodePath("..")
material/0 = null


