[gd_scene load_steps=8 format=2]

[ext_resource path="res://model_assets/meshes/BoatRadiator__Platter.mesh" type="ArrayMesh" id=1]
[ext_resource path="res://model_assets/meshes/BoatRadiator__Platter_BoatRad-Tower.mesh" type="ArrayMesh" id=2]
[ext_resource path="res://model_assets/meshes/BoatRadiator__Platter_HeatExchangeTank.mesh" type="ArrayMesh" id=3]
[ext_resource path="res://model_assets/meshes/BoatRadiator__Platter_HeatPipes.mesh" type="ArrayMesh" id=4]
[ext_resource path="res://model_assets/meshes/BoatRadiator__Platter_HeatPipes_Compressor.mesh" type="ArrayMesh" id=5]
[ext_resource path="res://model_assets/meshes/BoatRadiator__Platter_HeatPipes_MirroredTrough.mesh" type="ArrayMesh" id=6]
[ext_resource path="res://model_assets/meshes/BoatRadiator__Platter_HeatPipes_RadPanel.mesh" type="ArrayMesh" id=7]

[node name="Scene" type="Spatial" index="0"]

[node name="Platter" type="MeshInstance" parent="." index="0"]

layers = 1
material_override = null
cast_shadow = 1
extra_cull_margin = 0.0
use_in_baked_light = false
lod_min_distance = 0.0
lod_min_hysteresis = 0.0
lod_max_distance = 0.0
lod_max_hysteresis = 0.0
mesh = ExtResource( 1 )
skeleton = NodePath("..")
material/0 = null

[node name="BoatRad-Tower" type="MeshInstance" parent="Platter" index="0"]

transform = Transform( 0.961936, -1.93484e-09, 0.273276, -1.93483e-09, 1, 1.38908e-08, -0.273276, -1.38908e-08, 0.961936, -3.05176e-05, -0.109253, 1.90735e-06 )
layers = 1
material_override = null
cast_shadow = 1
extra_cull_margin = 0.0
use_in_baked_light = false
lod_min_distance = 0.0
lod_min_hysteresis = 0.0
lod_max_distance = 0.0
lod_max_hysteresis = 0.0
mesh = ExtResource( 2 )
skeleton = NodePath("..")
material/0 = null

[node name="HeatExchangeTank" type="MeshInstance" parent="Platter" index="1"]

transform = Transform( -0.012601, -7.33303e-11, -0.999921, 5.36783e-11, 1, -7.40125e-11, 0.999921, -5.46067e-11, -0.012601, -3.05176e-05, 0.079834, 1.90735e-06 )
layers = 1
material_override = null
cast_shadow = 1
extra_cull_margin = 0.0
use_in_baked_light = false
lod_min_distance = 0.0
lod_min_hysteresis = 0.0
lod_max_distance = 0.0
lod_max_hysteresis = 0.0
mesh = ExtResource( 3 )
skeleton = NodePath("..")
material/0 = null

[node name="HeatPipes" type="MeshInstance" parent="Platter" index="2"]

transform = Transform( 0.83326, 8.5126e-11, -0.552882, -1.77251e-11, 1, 1.27254e-10, 0.552882, -9.62358e-11, 0.83326, -3.05176e-05, 0.164673, 1.90735e-06 )
layers = 1
material_override = null
cast_shadow = 1
extra_cull_margin = 0.0
use_in_baked_light = false
lod_min_distance = 0.0
lod_min_hysteresis = 0.0
lod_max_distance = 0.0
lod_max_hysteresis = 0.0
mesh = ExtResource( 4 )
skeleton = NodePath("..")
material/0 = null

[node name="Compressor" type="MeshInstance" parent="Platter/HeatPipes" index="0"]

transform = Transform( -0.374329, -2.83845e-08, -0.927296, -1.67289e-07, 1, 3.69208e-08, 0.927296, 1.68947e-07, -0.374329, 0.000117862, 0.407104, -0.000677926 )
layers = 1
material_override = null
cast_shadow = 1
extra_cull_margin = 0.0
use_in_baked_light = false
lod_min_distance = 0.0
lod_min_hysteresis = 0.0
lod_max_distance = 0.0
lod_max_hysteresis = 0.0
mesh = ExtResource( 5 )
skeleton = NodePath("..")
material/0 = null

[node name="MirroredTrough" type="MeshInstance" parent="Platter/HeatPipes" index="1"]

transform = Transform( -0.997992, -6.68843e-08, 0.0633365, -7.56441e-08, 1, -1.35907e-07, -0.0633366, -1.40425e-07, -0.997992, 1.12304, 1.0603, 0.0737532 )
layers = 1
material_override = null
cast_shadow = 1
extra_cull_margin = 0.0
use_in_baked_light = false
lod_min_distance = 0.0
lod_min_hysteresis = 0.0
lod_max_distance = 0.0
lod_max_hysteresis = 0.0
mesh = ExtResource( 6 )
skeleton = NodePath("..")
material/0 = null

[node name="RadPanel" type="MeshInstance" parent="Platter/HeatPipes" index="2"]

transform = Transform( 0.0658149, -5.18146e-08, 0.997832, -1.53007e-08, 1, 5.29364e-08, -0.997832, -1.87515e-08, 0.065815, -0.0187041, 0.119629, -0.00166701 )
layers = 1
material_override = null
cast_shadow = 1
extra_cull_margin = 0.0
use_in_baked_light = false
lod_min_distance = 0.0
lod_min_hysteresis = 0.0
lod_max_distance = 0.0
lod_max_hysteresis = 0.0
mesh = ExtResource( 7 )
skeleton = NodePath("..")
material/0 = null


