[gd_scene load_steps=1 format=2]

[sub_resource id=1 type="Animation"]

resource_name = "HiArm"
step = 0.1
length = 0.0416667
tracks/0/type = "transform"
tracks/0/path = NodePath(".:spine")
tracks/0/interp = 1
tracks/0/keys = [0.0, 1.0, 0.0, 1.86265e-09, 0.0, 0.0, 1.77636e-15, 1.33227e-15, 1.0, 1.0, 1.0, 1.0, 0.0416667, 1.0, 0.0, 1.86265e-09, 0.0, 0.0, 1.77636e-15, 1.33227e-15, 1.0, 1.0, 1.0, 1.0]
tracks/1/type = "transform"
tracks/1/path = NodePath(".:spine.001")
tracks/1/interp = 1
tracks/1/keys = [0.0, 1.0, 0.0, 0.0, 0.0, -1.86265e-09, 0.0, -3.16414e-15, 1.0, 1.0, 1.0, 1.0, 0.0416667, 1.0, 0.0, 0.0, 0.0, -1.86265e-09, 0.0, -3.16414e-15, 1.0, 1.0, 1.0, 1.0]
tracks/2/type = "transform"
tracks/2/path = NodePath(".:spine.002")
tracks/2/interp = 1
tracks/2/keys = [0.0, 1.0, 0.0, -2.91038e-11, 0.0, -1.16415e-10, 0.0, 0.0, 1.0, 1.0, 1.0, 1.0, 0.0416667, 1.0, 0.0, -2.91038e-11, 0.0, -1.16415e-10, 0.0, 0.0, 1.0, 1.0, 1.0, 1.0]
tracks/3/type = "transform"
tracks/3/path = NodePath(".:spine.003")
tracks/3/interp = 1
tracks/3/keys = [0.0, 1.0, 0.0, -4.65661e-10, -7.45058e-09, 9.31323e-10, 0.0, 0.0, 1.0, 1.0, 1.0, 1.0, 0.0416667, 1.0, 0.0, -4.65661e-10, -7.45058e-09, 9.31323e-10, 0.0, 0.0, 1.0, 1.0, 1.0, 1.0]
tracks/4/type = "transform"
tracks/4/path = NodePath(".:shoulder.L")
tracks/4/interp = 1
tracks/4/keys = [0.0, 1.0, 4.65661e-10, 0.0, -1.86265e-09, 0.0, 8.03266e-09, 5.12227e-09, 1.0, 1.0, 1.0, 1.0, 0.0416667, 1.0, 4.65661e-10, 0.0, -1.86265e-09, 0.0, 8.03266e-09, 5.12227e-09, 1.0, 1.0, 1.0, 1.0]
tracks/5/type = "transform"
tracks/5/path = NodePath(".:shoulder.R")
tracks/5/interp = 1
tracks/5/keys = [0.0, 1.0, 0.0, 0.0, 0.0, 0.0, 4.65661e-10, 2.32831e-10, 1.0, 1.0, 1.0, 1.0, 0.0416667, 1.0, 0.0, 0.0, 0.0, 0.0, 4.65661e-10, 2.32831e-10, 1.0, 1.0, 1.0, 1.0]
tracks/6/type = "transform"
tracks/6/path = NodePath(".:spine.005")
tracks/6/interp = 1
tracks/6/keys = [0.0, 1.0, 0.0, 0.0, 1.49012e-08, 3.72529e-09, 0.0, 4.21885e-15, 1.0, 1.0, 1.0, 1.0, 0.0416667, 1.0, 0.0, 0.0, 1.49012e-08, 3.72529e-09, 0.0, 4.21885e-15, 1.0, 1.0, 1.0, 1.0]
tracks/7/type = "transform"
tracks/7/path = NodePath(".:spine.006")
tracks/7/interp = 1
tracks/7/keys = [0.0, 1.0, 0.0, 0.0, 0.0, 0.0, 0.0, 0.0, 1.0, 1.0, 1.0, 1.0, 0.0416667, 1.0, 0.0, 0.0, 0.0, 0.0, 0.0, 0.0, 1.0, 1.0, 1.0, 1.0]
tracks/8/type = "transform"
tracks/8/path = NodePath(".:thigh.R")
tracks/8/interp = 1
tracks/8/keys = [0.0, 1.0, 0.0, -4.65661e-10, 0.0, -1.86265e-09, 0.0, -1.38084e-15, 1.0, 1.0, 1.0, 1.0, 0.0416667, 1.0, 0.0, -4.65661e-10, 0.0, -1.86265e-09, 0.0, -1.38084e-15, 1.0, 1.0, 1.0, 1.0]
tracks/9/type = "transform"
tracks/9/path = NodePath(".:shin.R")
tracks/9/interp = 1
tracks/9/keys = [0.0, 1.0, 0.0, 0.0, -3.72529e-09, 1.86265e-09, 0.0, 0.0, 1.0, 1.0, 1.0, 1.0, 0.0416667, 1.0, 0.0, 0.0, -3.72529e-09, 1.86265e-09, 0.0, 0.0, 1.0, 1.0, 1.0, 1.0]
tracks/10/type = "transform"
tracks/10/path = NodePath(".:foot.R")
tracks/10/interp = 1
tracks/10/keys = [0.0, 1.0, 0.0, -4.65661e-10, 2.32831e-10, 7.45058e-09, -2.84217e-14, -1.42109e-14, 1.0, 1.0, 1.0, 1.0, 0.0416667, 1.0, 0.0, -4.65661e-10, 2.32831e-10, 7.45058e-09, -2.84217e-14, -1.42109e-14, 1.0, 1.0, 1.0, 1.0]
tracks/11/type = "transform"
tracks/11/path = NodePath(".:thigh.L")
tracks/11/interp = 1
tracks/11/keys = [0.0, 1.0, 0.0, -4.65661e-10, 0.0, 1.86265e-09, 0.0, -5.7454e-15, 1.0, 1.0, 1.0, 1.0, 0.0416667, 1.0, 0.0, -4.65661e-10, 0.0, 1.86265e-09, 0.0, -5.7454e-15, 1.0, 1.0, 1.0, 1.0]
tracks/12/type = "transform"
tracks/12/path = NodePath(".:shin.L")
tracks/12/interp = 1
tracks/12/keys = [0.0, 1.0, 0.0, 0.0, 0.0, 0.0, 0.0, 0.0, 1.0, 1.0, 1.0, 1.0, 0.0416667, 1.0, 0.0, 0.0, 0.0, 0.0, 0.0, 0.0, 1.0, 1.0, 1.0, 1.0]
tracks/13/type = "transform"
tracks/13/path = NodePath(".:foot.L")
tracks/13/interp = 1
tracks/13/keys = [0.0, 1.0, 0.0, 0.0, 0.0, -7.45058e-09, -3.55271e-15, -1.42109e-14, 1.0, 1.0, 1.0, 1.0, 0.0416667, 1.0, 0.0, 0.0, 0.0, -7.45058e-09, -3.55271e-15, -1.42109e-14, 1.0, 1.0, 1.0, 1.0]
tracks/14/type = "transform"
tracks/14/path = NodePath(".:upper_arm.L")
tracks/14/interp = 1
tracks/14/keys = [0.0, 1.0, -1.49012e-08, 0.0, 3.72529e-09, 4.19095e-09, 7.45058e-09, -1.86265e-09, 1.0, 1.0, 1.0, 1.0, 0.0416667, 1.0, -1.49012e-08, 0.0, 3.72529e-09, 4.19095e-09, 7.45058e-09, -1.86265e-09, 1.0, 1.0, 1.0, 1.0]
tracks/15/type = "transform"
tracks/15/path = NodePath(".:forearm.L")
tracks/15/interp = 1
tracks/15/keys = [0.0, 1.0, 1.49012e-08, -2.32831e-10, 0.0, 4.65661e-10, 7.45058e-09, 4.65661e-10, 1.0, 1.0, 1.0, 1.0, 0.0416667, 1.0, 1.49012e-08, -2.32831e-10, 0.0, 4.65661e-10, 7.45058e-09, 4.65661e-10, 1.0, 1.0, 1.0, 1.0]
tracks/16/type = "transform"
tracks/16/path = NodePath(".:hand.L")
tracks/16/interp = 1
tracks/16/keys = [0.0, 1.0, 7.45058e-09, -6.98492e-10, -3.72529e-09, 0.0, 2.23517e-08, -9.31323e-10, 1.0, 1.0, 1.0, 1.0, 0.0416667, 1.0, 7.45058e-09, -6.98492e-10, -3.72529e-09, 0.0, 2.23517e-08, -9.31323e-10, 1.0, 1.0, 1.0, 1.0]
tracks/17/type = "transform"
tracks/17/path = NodePath(".:upper_arm.R")
tracks/17/interp = 1
tracks/17/keys = [0.0, 1.0, 0.0, -1.39698e-09, 3.72529e-09, 4.65661e-09, 1.49012e-08, 0.0, 1.0, 1.0, 1.0, 1.0, 0.0416667, 1.0, 0.0, -1.39698e-09, 3.72529e-09, 4.65661e-09, 1.49012e-08, 0.0, 1.0, 1.0, 1.0, 1.0]
tracks/18/type = "transform"
tracks/18/path = NodePath(".:forearm.R")
tracks/18/interp = 1
tracks/18/keys = [0.0, 1.0, 0.0, 0.0, 7.45058e-09, -4.65661e-10, 0.0, 4.65661e-10, 1.0, 1.0, 1.0, 1.0, 0.0416667, 1.0, 0.0, 0.0, 7.45058e-09, -4.65661e-10, 0.0, 4.65661e-10, 1.0, 1.0, 1.0, 1.0]
tracks/19/type = "transform"
tracks/19/path = NodePath(".:hand.R")
tracks/19/interp = 1
tracks/19/keys = [0.0, 1.0, 7.45058e-09, 2.32831e-10, 3.72529e-09, 1.39698e-09, 7.45058e-09, 0.0, 1.0, 1.0, 1.0, 1.0, 0.0416667, 1.0, 7.45058e-09, 2.32831e-10, 3.72529e-09, 1.39698e-09, 7.45058e-09, 0.0, 1.0, 1.0, 1.0, 1.0]
[node type="Spatial" name="Scene"]


[node name="FemaleRig" type="Skeleton" parent="."]

transform = Transform(1.0, 0.0, 0.0, 0.0, 1.0, 0.0, 0.0, 0.0, 1.0, 0.0, 0.0, 0.0)
bones/0/name = "spine"
bones/0/parent = -1
bones/0/rest = Transform(1.0, 2.38418e-07, -5.96856e-13, 7.25129e-08, -0.304144, -0.952626, -2.27124e-07, 0.952626, -0.304144, 0.0, 0.0870343, -0.0047572)
bones/0/pose = Transform(1.0, -2.66454e-15, 3.55271e-15, 2.66454e-15, 1.0, 0.0, -3.55271e-15, 0.0, 1.0, 0.0, 1.86265e-09, 0.0)
bones/0/enabled = true
bones/0/bound_children = []
bones/1/name = "spine.001"
bones/1/parent = 0
bones/1/rest = Transform(1.0, 4.03391e-09, -4.36716e-08, 4.03384e-09, 0.98308, 0.183175, 4.36716e-08, -0.183175, 0.98308, 0.0, -2.79397e-09, -0.0102386)
bones/1/pose = Transform(1.0, 6.32827e-15, 0.0, -6.32827e-15, 1.0, 3.72529e-09, 0.0, -3.72529e-09, 1.0, 0.0, 0.0, 0.0)
bones/1/enabled = true
bones/1/bound_children = []
bones/2/name = "spine.002"
bones/2/parent = 1
bones/2/rest = Transform(1.0, -2.36425e-07, -3.07654e-08, 2.38419e-07, 0.991639, 0.129039, 6.96796e-15, -0.129039, 0.991639, 0.0, -6.40284e-10, -0.0100785)
bones/2/pose = Transform(1.0, 0.0, 0.0, 0.0, 1.0, 2.32831e-10, 0.0, -2.32831e-10, 1.0, 0.0, 0.0, 0.0)
bones/2/enabled = true
bones/2/bound_children = []
bones/3/name = "spine.003"
bones/3/parent = 2
bones/3/rest = Transform(1.0, 2.38419e-07, 2.66454e-15, -2.38121e-07, 0.998752, -0.0499474, -1.19084e-08, 0.0499474, 0.998752, 0.0, -7.27596e-12, -0.0140851)
bones/3/pose = Transform(1.0, 0.0, 0.0, 0.0, 1.0, -1.86265e-09, 0.0, 1.86265e-09, 1.0, 0.0, 0.0, 0.0)
bones/3/enabled = true
bones/3/bound_children = []
bones/4/name = "shoulder.L"
bones/4/parent = 3
bones/4/rest = Transform(0.464826, -0.16094, -0.870652, 0.88428, 0.0348834, 0.465653, -0.0445709, -0.986348, 0.158531, 0.00148444, 0.00548737, -0.0124459)
bones/4/pose = Transform(1.0, -1.02445e-08, 1.60653e-08, 1.02445e-08, 1.0, 0.0, -1.60653e-08, 0.0, 1.0, 4.65661e-10, 0.0, -1.86265e-09)
bones/4/enabled = true
bones/4/bound_children = []
bones/5/name = "shoulder.R"
bones/5/parent = 3
bones/5/rest = Transform(0.464826, 0.16094, 0.870652, -0.884279, 0.0348836, 0.465653, 0.0445709, -0.986347, 0.158531, -0.00148444, 0.00548737, -0.0124459)
bones/5/pose = Transform(1.0, -4.65661e-10, 9.31323e-10, 4.65661e-10, 1.0, 0.0, -9.31323e-10, 0.0, 1.0, 0.0, 0.0, 0.0)
bones/5/enabled = true
bones/5/bound_children = []
bones/6/name = "spine.005"
bones/6/parent = 3
bones/6/rest = Transform(1.0, 1.41974e-09, 2.598e-08, 1.4197e-09, 0.994045, -0.108968, -2.598e-08, 0.108968, 0.994045, 0.0, 1.74623e-10, -0.0169805)
bones/6/pose = Transform(1.0, -8.43769e-15, 1.77636e-15, 8.43769e-15, 1.0, -7.45058e-09, -1.77636e-15, 7.45058e-09, 1.0, 0.0, 0.0, 1.49012e-08)
bones/6/enabled = true
bones/6/bound_children = []
bones/7/name = "spine.006"
bones/7/parent = 6
bones/7/rest = Transform(1.0, -2.35576e-07, -3.67076e-08, 2.38419e-07, 0.988077, 0.153963, 0.0, -0.153963, 0.988077, 0.0, 1.16415e-10, -0.00760239)
bones/7/pose = Transform(1.0, 0.0, 0.0, 0.0, 1.0, 0.0, 0.0, 0.0, 1.0, 0.0, 0.0, 0.0)
bones/7/enabled = true
bones/7/bound_children = []
bones/8/name = "thigh.R"
bones/8/parent = 0
bones/8/rest = Transform(1.0, 8.85185e-08, 8.29757e-08, 1.13324e-07, -0.925736, -0.378174, 4.3338e-08, 0.378174, -0.925735, -0.00844574, 0.00229143, -0.00495053)
bones/8/pose = Transform(1.0, 2.76168e-15, 0.0, -2.76168e-15, 1.0, 3.72529e-09, 0.0, -3.72529e-09, 1.0, 0.0, -4.65661e-10, 0.0)
bones/8/enabled = true
bones/8/bound_children = []
bones/9/name = "shin.R"
bones/9/parent = 8
bones/9/rest = Transform(1.0, -2.38571e-07, 1.08641e-08, 2.37572e-07, 0.989106, -0.147205, 2.43732e-08, 0.147205, 0.989106, 1.38648e-09, 1.85147e-10, -0.0448961)
bones/9/pose = Transform(1.0, 0.0, 0.0, 0.0, 1.0, -3.72529e-09, 0.0, 3.72529e-09, 1.0, 0.0, 0.0, 0.0)
bones/9/enabled = true
bones/9/bound_children = []
bones/10/name = "foot.R"
bones/10/parent = 9
bones/10/rest = Transform(1.0, -7.20812e-07, 3.0108e-08, 1.54567e-07, 0.254825, 0.966987, -7.04688e-07, -0.966987, 0.254825, 1.25965e-10, 1.88668e-10, -0.0401177)
bones/10/pose = Transform(1.0, 2.84217e-14, -5.68434e-14, -2.84217e-14, 1.0, -1.49012e-08, 5.68434e-14, 1.49012e-08, 1.0, 0.0, 0.0, 0.0)
bones/10/enabled = true
bones/10/bound_children = []
bones/11/name = "thigh.L"
bones/11/parent = 0
bones/11/rest = Transform(1.0, 8.85185e-08, 8.29757e-08, 1.13324e-07, -0.925736, -0.378174, 4.33381e-08, 0.378174, -0.925735, 0.00844574, 0.00229143, -0.00495053)
bones/11/pose = Transform(1.0, 1.14908e-14, 0.0, -1.14908e-14, 1.0, -3.72529e-09, 0.0, 3.72529e-09, 1.0, 0.0, -4.65661e-10, 0.0)
bones/11/enabled = true
bones/11/bound_children = []
bones/12/name = "shin.L"
bones/12/parent = 11
bones/12/rest = Transform(1.0, -2.38571e-07, 1.08641e-08, 2.37572e-07, 0.989106, -0.147205, 2.43733e-08, 0.147205, 0.989106, -4.76162e-10, -1.8515e-10, -0.0448961)
bones/12/pose = Transform(1.0, 0.0, 0.0, 0.0, 1.0, 0.0, 0.0, 0.0, 1.0, 0.0, 0.0, 0.0)
bones/12/enabled = true
bones/12/bound_children = []
bones/13/name = "foot.L"
bones/13/parent = 12
bones/13/rest = Transform(1.0, 7.097e-07, 3.01082e-08, -2.09963e-07, 0.254825, 0.966987, 6.78598e-07, -0.966987, 0.254825, 1.25966e-10, 7.32634e-11, -0.0401177)
bones/13/pose = Transform(1.0, 2.84217e-14, -7.10543e-15, -2.84217e-14, 1.0, 1.49012e-08, 7.10543e-15, -1.49012e-08, 1.0, 0.0, 0.0, 0.0)
bones/13/enabled = true
bones/13/bound_children = []
bones/14/name = "upper_arm.L"
bones/14/parent = 4
bones/14/rest = Transform(-0.226494, 0.933146, -0.279177, -0.777862, -0.000789445, 0.628435, 0.586201, 0.359497, 0.726037, 0.000385821, -5.04637e-05, -0.0145191)
bones/14/pose = Transform(1.0, 3.72529e-09, 1.49012e-08, -3.72529e-09, 1.0, -8.3819e-09, -1.49012e-08, 8.3819e-09, 1.0, -1.49012e-08, 0.0, 3.72529e-09)
bones/14/enabled = true
bones/14/bound_children = []
bones/15/name = "forearm.L"
bones/15/parent = 14
bones/15/rest = Transform(0.992627, -0.00225913, -0.121189, -0.0191287, 0.984378, -0.175028, 0.119691, 0.176056, 0.977076, -9.73159e-10, 0.0, -0.0250018)
bones/15/pose = Transform(1.0, -9.31323e-10, 1.49012e-08, 9.31323e-10, 1.0, -9.31323e-10, -1.49012e-08, 9.31323e-10, 1.0, 0.0, 0.0, 0.0)
bones/15/enabled = true
bones/15/bound_children = []
bones/16/name = "hand.L"
bones/16/parent = 15
bones/16/rest = Transform(0.994509, -0.0289706, -0.100562, 0.0298201, 0.999531, 0.0069546, 0.100313, -0.00991518, 0.994906, -2.5193e-09, -2.32831e-10, -0.0231782)
bones/16/pose = Transform(1.0, 1.86265e-09, 4.47035e-08, -1.86265e-09, 1.0, 0.0, -4.47035e-08, 0.0, 1.0, 0.0, 0.0, 0.0)
bones/16/enabled = true
bones/16/bound_children = []
bones/17/name = "upper_arm.R"
bones/17/parent = 5
bones/17/rest = Transform(-0.226494, -0.933146, 0.279176, 0.777862, -0.000789369, 0.628435, -0.586201, 0.359497, 0.726038, -0.000385822, -5.04632e-05, -0.0145191)
bones/17/pose = Transform(1.0, 0.0, 2.98023e-08, 0.0, 1.0, -9.31323e-09, -2.98023e-08, 9.31322e-09, 1.0, 0.0, -1.39698e-09, 3.72529e-09)
bones/17/enabled = true
bones/17/bound_children = []
bones/18/name = "forearm.R"
bones/18/parent = 17
bones/18/rest = Transform(0.992627, 0.00225901, 0.121189, 0.0191289, 0.984378, -0.175028, -0.119692, 0.176056, 0.977076, -7.74344e-09, -9.31323e-10, -0.0250018)
bones/18/pose = Transform(1.0, -9.31323e-10, 0.0, 9.31323e-10, 1.0, 9.31323e-10, 0.0, -9.31323e-10, 1.0, 0.0, 0.0, 0.0)
bones/18/enabled = true
bones/18/bound_children = []
bones/19/name = "hand.R"
bones/19/parent = 18
bones/19/rest = Transform(0.994509, 0.0289706, 0.100562, -0.0298201, 0.999531, 0.00695457, -0.100313, -0.00991515, 0.994907, 1.00326e-08, 0.0, -0.0231782)
bones/19/pose = Transform(1.0, 0.0, 1.49012e-08, 0.0, 1.0, -2.79397e-09, -1.49012e-08, 2.79397e-09, 1.0, 0.0, 0.0, 0.0)
bones/19/enabled = true
bones/19/bound_children = []

[node name="AnimationPlayer" type="AnimationPlayer" parent="FemaleRig"]

root_node = NodePath("..:")
anims/HiArm = SubResource(1)
