[gd_scene load_steps=9 format=2]

[ext_resource path="res://model_assets/meshes/LightTube_Large__LT-Large-pole.mesh" type="ArrayMesh" id=1]
[ext_resource path="res://model_assets/meshes/LightTube_Large__LT-Large-pole_LightTube-FiberoptCable-Armature003.mesh" type="ArrayMesh" id=2]
[ext_resource path="res://model_assets/meshes/LightTube_Large__LT-Large-pole_LightTubeLarge-DishPivot.mesh" type="ArrayMesh" id=3]
[ext_resource path="res://model_assets/meshes/LightTube_Large__LT-Large-pole_LightTubeLarge-DishPivot_LightTube-FiberoptCable-Armature002.mesh" type="ArrayMesh" id=4]
[ext_resource path="res://model_assets/meshes/LightTube_Large__LT-Large-pole_LightTubeLarge-DishPivot_LT-Large-Cable-Supports.mesh" type="ArrayMesh" id=5]
[ext_resource path="res://model_assets/meshes/LightTube_Large__LT-Large-pole_LightTubeLarge-DishPivot_LT-Large-Dish.mesh" type="ArrayMesh" id=6]
[ext_resource path="res://_tests/test_lod/AreaLod.gd" type="Script" id=7]

[sub_resource type="BoxShape" id=1]

extents = Vector3( 40, 40, 40 )

[node name="Scene" type="Spatial" index="0"]

[node name="LT-Large-pole" type="MeshInstance" parent="." index="0" groups=[
"interior",
]]

layers = 1
material_override = null
cast_shadow = 1
extra_cull_margin = 0.0
use_in_baked_light = false
lod_min_distance = 0.0
lod_min_hysteresis = 0.0
lod_max_distance = 0.0
lod_max_hysteresis = 0.0
mesh = ExtResource( 1 )
skeleton = NodePath("..")
material/0 = null

[node name="Armature001" type="Skeleton" parent="LT-Large-pole" index="0"]

transform = Transform( 1, 5.51343e-09, -2.75672e-09, -5.51343e-09, 1, -4.65661e-10, 2.75672e-09, 1.39698e-09, 1, -3.05176e-05, 1.66943, 0 )
bones/0/name = "Bone"
bones/0/parent = -1
bones/0/rest = Transform( 0.999947, 0.000251281, -0.0102529, -0.0102541, 0.00504919, -0.999935, -0.000199496, 0.999987, 0.00505132, -0.000249086, -0.00161906, -7.31362e-10 )
bones/0/enabled = true
bones/0/bound_children = [  ]
bones/1/name = "Bone.001"
bones/1/parent = 0
bones/1/rest = Transform( 0.999928, 0.0117809, -0.00224534, -0.00410003, 0.15986, -0.987131, -0.0112703, 0.987069, 0.159897, 1.98858e-11, 6.35184e-12, -0.0242941 )
bones/1/enabled = true
bones/1/bound_children = [  ]
bones/2/name = "Bone.002"
bones/2/parent = 1
bones/2/rest = Transform( 0.999985, -0.00538363, 0.00140547, 0.00332825, 0.781186, 0.624289, -0.00445888, -0.624275, 0.781192, -1.81899e-11, 1.18786e-09, -0.0533243 )
bones/2/enabled = true
bones/2/bound_children = [  ]
bones/3/name = "Bone.003"
bones/3/parent = 2
bones/3/rest = Transform( 0.99998, -0.00463962, -0.00428201, 0.00624114, 0.62394, 0.781447, -0.000953901, -0.781458, 0.623957, -1.09139e-11, -3.55465e-09, -0.0502702 )
bones/3/enabled = true
bones/3/bound_children = [  ]
bones/4/name = "Bone.004"
bones/4/parent = 3
bones/4/rest = Transform( 0.999993, -0.000766068, 0.00373622, -0.00161981, 0.801574, 0.597893, -0.00345288, -0.597895, 0.801567, -2.91038e-11, -3.24985e-09, -0.0484464 )
bones/4/enabled = true
bones/4/bound_children = [  ]
bones/5/name = "Bone.005"
bones/5/parent = 4
bones/5/rest = Transform( 0.999987, -0.00381688, 0.00330352, 0.00388531, 0.999773, -0.0209619, -0.00322276, 0.0209745, 0.999775, 0, 1.1363e-08, -0.0562065 )
bones/5/enabled = true
bones/5/bound_children = [  ]
bones/6/name = "Bone.006"
bones/6/parent = 5
bones/6/rest = Transform( 0.999861, 0.00828394, -0.0144775, -0.0113064, 0.974725, -0.223122, 0.0122632, 0.223254, 0.974683, -2.59206e-11, 1.26865e-08, -0.0526733 )
bones/6/enabled = true
bones/6/bound_children = [  ]

[node name="AnimationPlayer" type="AnimationPlayer" parent="LT-Large-pole/Armature001" index="0"]

root_node = NodePath("..")
autoplay = ""
playback_process_mode = 1
playback_default_blend_time = 0.0
playback_speed = 1.0
blend_times = [  ]

[node name="Empty-LightTubeLarge" type="Spatial" parent="LT-Large-pole" index="1"]

transform = Transform( 0.0155842, -0.0269926, 1.98399e-09, 0.0269926, 0.0155842, -1.23805e-09, 1.05328e-10, 2.35173e-09, 0.0311684, -0.241226, 1.76929, -0.0285645 )

[node name="LightTube-FiberoptCable-Armature003" type="MeshInstance" parent="LT-Large-pole" index="2"]

transform = Transform( 1, 5.51343e-09, -2.75672e-09, -5.51343e-09, 1, -1.1083e-08, 2.75672e-09, 1.20143e-08, 1, -3.05176e-05, 1.66736, 0 )
layers = 1
material_override = null
cast_shadow = 1
extra_cull_margin = 0.0
use_in_baked_light = false
lod_min_distance = 0.0
lod_min_hysteresis = 0.0
lod_max_distance = 0.0
lod_max_hysteresis = 0.0
mesh = ExtResource( 2 )
skeleton = NodePath("..")
material/0 = null

[node name="LightTubeLarge-DishPivot" type="MeshInstance" parent="LT-Large-pole" index="3"]

transform = Transform( 0.0925, -0.160215, 1.1776e-08, 0.160215, 0.0925, -9.82104e-10, -4.88826e-09, 1.07755e-08, 0.185, -1.52588e-05, 1.62866, -0.560059 )
layers = 1
material_override = null
cast_shadow = 1
extra_cull_margin = 0.0
use_in_baked_light = false
lod_min_distance = 0.0
lod_min_hysteresis = 0.0
lod_max_distance = 0.0
lod_max_hysteresis = 0.0
mesh = ExtResource( 3 )
skeleton = NodePath("..")
material/0 = null

[node name="LightTube-FiberoptCable-Armature002" type="MeshInstance" parent="LT-Large-pole/LightTubeLarge-DishPivot" index="0"]

transform = Transform( 5.4054, -7.15256e-07, -1.50093e-07, -7.15256e-07, 5.4054, 4.48006e-08, 3.28408e-07, 4.40649e-08, 5.4054, -0.000812054, 0.209916, 3.02734 )
layers = 1
material_override = null
cast_shadow = 1
extra_cull_margin = 0.0
use_in_baked_light = false
lod_min_distance = 0.0
lod_min_hysteresis = 0.0
lod_max_distance = 0.0
lod_max_hysteresis = 0.0
mesh = ExtResource( 4 )
skeleton = NodePath("..")
material/0 = null
material/1 = null

[node name="LT-Large-Cable-Supports" type="MeshInstance" parent="LT-Large-pole/LightTubeLarge-DishPivot" index="1"]

transform = Transform( 5.4054, -7.15256e-07, 1.4428e-07, -7.15256e-07, 5.4054, 1.02191e-07, 3.40342e-08, -1.3326e-08, 5.4054, -6.34193e-05, 4.3247, 0.00131941 )
layers = 1
material_override = null
cast_shadow = 1
extra_cull_margin = 0.0
use_in_baked_light = false
lod_min_distance = 0.0
lod_min_hysteresis = 0.0
lod_max_distance = 0.0
lod_max_hysteresis = 0.0
mesh = ExtResource( 5 )
skeleton = NodePath("..")
material/0 = null
material/1 = null

[node name="LT-Large-Dish" type="MeshInstance" parent="LT-Large-pole/LightTubeLarge-DishPivot" index="2"]

transform = Transform( 5.4054, -7.15256e-07, 1.4428e-07, -7.15256e-07, 5.4054, 1.02191e-07, 3.40342e-08, -1.3326e-08, 5.4054, -6.34193e-05, 4.3247, 0.00131941 )
layers = 1
material_override = null
cast_shadow = 1
extra_cull_margin = 0.0
use_in_baked_light = false
lod_min_distance = 0.0
lod_min_hysteresis = 0.0
lod_max_distance = 0.0
lod_max_hysteresis = 0.0
mesh = ExtResource( 6 )
skeleton = NodePath("..")
material/0 = null
material/1 = null

[node name="Triggers" type="Spatial" parent="." index="1"]

[node name="Area" type="Area" parent="Triggers" index="0"]

input_ray_pickable = false
input_capture_on_drag = false
space_override = 0
gravity_point = false
gravity_distance_scale = 0.0
gravity_vec = Vector3( 0, -1, 0 )
gravity = 9.8
linear_damp = 0.1
angular_damp = 1.0
priority = 0.0
monitoring = true
monitorable = true
collision_layer = 1
collision_mask = 1
audio_bus_override = false
audio_bus_name = "Master"
reverb_bus_enable = false
reverb_bus_name = "Master"
reverb_bus_amount = 0.0
reverb_bus_uniformity = 0.0
script = ExtResource( 7 )
RootNode = NodePath("../../LT-Large-pole")
showhide = "interior"
hideshow = "exterior"
bygroup = "player"

[node name="CollisionShape" type="CollisionShape" parent="Triggers/Area" index="0"]

shape = SubResource( 1 )
disabled = false


