[gd_scene load_steps=7 format=2]

[ext_resource path="res://model_assets/meshes/LightTube__LT-Large-pole.mesh" type="ArrayMesh" id=1]
[ext_resource path="res://model_assets/meshes/LightTube__LT-Large-pole_LightTube-FiberoptCable-Armature003.mesh" type="ArrayMesh" id=2]
[ext_resource path="res://model_assets/meshes/LightTube__LT-Large-pole_LightTubeLarge-DishPivot.mesh" type="ArrayMesh" id=3]
[ext_resource path="res://model_assets/meshes/LightTube__LT-Large-pole_LightTubeLarge-DishPivot_LightTube-FiberoptCable-Armature002.mesh" type="ArrayMesh" id=4]
[ext_resource path="res://model_assets/meshes/LightTube__LT-Large-pole_LightTubeLarge-DishPivot_LT-Large-Cable-Supports.mesh" type="ArrayMesh" id=5]
[ext_resource path="res://model_assets/meshes/LightTube__LT-Large-pole_LightTubeLarge-DishPivot_LT-Large-Dish.mesh" type="ArrayMesh" id=6]

[node name="Scene" type="Spatial" index="0"]

[node name="LT-Large-pole" type="MeshInstance" parent="." index="0"]

layers = 1
material_override = null
cast_shadow = 1
extra_cull_margin = 0.0
use_in_baked_light = false
lod_min_distance = 0.0
lod_min_hysteresis = 0.0
lod_max_distance = 0.0
lod_max_hysteresis = 0.0
mesh = ExtResource( 1 )
skeleton = NodePath("..")
material/0 = null

[node name="Armature001" type="Skeleton" parent="LT-Large-pole" index="0"]

transform = Transform( 1, 5.51343e-09, -2.75672e-09, -5.51343e-09, 1, -9.31323e-10, 2.75672e-09, 9.31323e-10, 1, -1.52588e-05, 0.904053, 9.53674e-07 )
bones/0/name = "Bone"
bones/0/parent = -1
bones/0/rest = Transform( 0.999947, 0.000251281, -0.0102529, -0.0102541, 0.00504907, -0.999935, -0.000199497, 0.999987, 0.00505132, -0.000134887, -0.000876768, -3.96053e-10 )
bones/0/enabled = true
bones/0/bound_children = [  ]
bones/1/name = "Bone.001"
bones/1/parent = 0
bones/1/rest = Transform( 0.999928, 0.011781, -0.00224533, -0.00410005, 0.15986, -0.987131, -0.0112705, 0.987069, 0.159897, -1.36835e-11, 6.35915e-12, -0.013156 )
bones/1/enabled = true
bones/1/bound_children = [  ]
bones/2/name = "Bone.002"
bones/2/parent = 1
bones/2/rest = Transform( 0.999985, -0.00538374, 0.00140538, 0.00332839, 0.781186, 0.624289, -0.00445888, -0.624275, 0.781192, -4.54747e-12, 8.027e-10, -0.0288766 )
bones/2/enabled = true
bones/2/bound_children = [  ]
bones/3/name = "Bone.003"
bones/3/parent = 2
bones/3/rest = Transform( 0.99998, -0.00463962, -0.00428201, 0.00624114, 0.62394, 0.781447, -0.000953899, -0.781458, 0.623957, -1.45519e-11, -8.63565e-10, -0.0272227 )
bones/3/enabled = true
bones/3/bound_children = [  ]
bones/4/name = "Bone.004"
bones/4/parent = 3
bones/4/rest = Transform( 0.999993, -0.000766069, 0.00373622, -0.00161981, 0.801574, 0.597893, -0.00345289, -0.597895, 0.801567, 1.45519e-11, 5.52973e-10, -0.0262351 )
bones/4/enabled = true
bones/4/bound_children = [  ]
bones/5/name = "Bone.005"
bones/5/parent = 4
bones/5/rest = Transform( 0.999987, -0.00381688, 0.00330352, 0.00388531, 0.999773, -0.0209619, -0.00322276, 0.0209745, 0.999775, 7.27596e-12, 5.19719e-09, -0.0304374 )
bones/5/enabled = true
bones/5/bound_children = [  ]
bones/6/name = "Bone.006"
bones/6/parent = 5
bones/6/rest = Transform( 0.999861, 0.00828394, -0.0144775, -0.0113064, 0.974725, -0.223122, 0.0122632, 0.223254, 0.974683, -3.43903e-11, 1.50576e-08, -0.0285241 )
bones/6/enabled = true
bones/6/bound_children = [  ]

[node name="AnimationPlayer" type="AnimationPlayer" parent="LT-Large-pole/Armature001" index="0"]

root_node = NodePath("..")
autoplay = ""
playback_process_mode = 1
playback_default_blend_time = 0.0
playback_speed = 1.0
blend_times = [  ]

[node name="Empty-LightTubeLarge" type="Spatial" parent="LT-Large-pole" index="1"]

transform = Transform( 0.5, -0.866025, 6.33851e-08, 0.866025, 0.5, -4.01871e-08, 3.11048e-09, 7.49867e-08, 1, -0.13063, 0.95813, -0.0154676 )

[node name="LightTube-FiberoptCable-Armature003" type="MeshInstance" parent="LT-Large-pole" index="2"]

transform = Transform( 1, 5.51343e-09, -2.75672e-09, -5.51343e-09, 1, -1.15487e-08, 2.75672e-09, 1.15487e-08, 1, -1.52588e-05, 0.902954, 9.53674e-07 )
layers = 1
material_override = null
cast_shadow = 1
extra_cull_margin = 0.0
use_in_baked_light = false
lod_min_distance = 0.0
lod_min_hysteresis = 0.0
lod_max_distance = 0.0
lod_max_hysteresis = 0.0
mesh = ExtResource( 2 )
skeleton = NodePath("..")
material/0 = null

[node name="LightTubeLarge-DishPivot" type="MeshInstance" parent="LT-Large-pole" index="3"]

transform = Transform( 0.5, -0.866025, 6.33851e-08, 0.866025, 0.5, -5.77433e-09, -2.66919e-08, 5.77803e-08, 1, -7.62939e-06, 0.881958, -0.303288 )
layers = 1
material_override = null
cast_shadow = 1
extra_cull_margin = 0.0
use_in_baked_light = false
lod_min_distance = 0.0
lod_min_hysteresis = 0.0
lod_max_distance = 0.0
lod_max_hysteresis = 0.0
mesh = ExtResource( 3 )
skeleton = NodePath("..")
material/0 = null

[node name="LightTube-FiberoptCable-Armature002" type="MeshInstance" parent="LT-Large-pole/LightTubeLarge-DishPivot" index="0"]

transform = Transform( 1, 0, -5.44807e-08, -5.96046e-08, 1, -7.57821e-09, 5.44807e-08, 7.57821e-09, 1, -3.31402e-05, 0.0210536, 0.303288 )
layers = 1
material_override = null
cast_shadow = 1
extra_cull_margin = 0.0
use_in_baked_light = false
lod_min_distance = 0.0
lod_min_hysteresis = 0.0
lod_max_distance = 0.0
lod_max_hysteresis = 0.0
mesh = ExtResource( 4 )
skeleton = NodePath("..")
material/0 = null
material/1 = null

[node name="LT-Large-Cable-Supports" type="MeshInstance" parent="LT-Large-pole/LightTubeLarge-DishPivot" index="1"]

transform = Transform( 1, 0, -2.15647e-11, -5.96046e-08, 1, 3.03912e-09, 2.15676e-11, -3.03912e-09, 1, 3.91603e-05, 0.433282, 0.000131577 )
layers = 1
material_override = null
cast_shadow = 1
extra_cull_margin = 0.0
use_in_baked_light = false
lod_min_distance = 0.0
lod_min_hysteresis = 0.0
lod_max_distance = 0.0
lod_max_hysteresis = 0.0
mesh = ExtResource( 5 )
skeleton = NodePath("..")
material/0 = null
material/1 = null

[node name="LT-Large-Dish" type="MeshInstance" parent="LT-Large-pole/LightTubeLarge-DishPivot" index="2"]

transform = Transform( 1, -8.9407e-08, -2.15585e-11, 5.96046e-08, 1, 3.03912e-09, 2.15601e-11, -3.03911e-09, 1, 3.91603e-05, 0.433282, 0.000131577 )
layers = 1
material_override = null
cast_shadow = 1
extra_cull_margin = 0.0
use_in_baked_light = false
lod_min_distance = 0.0
lod_min_hysteresis = 0.0
lod_max_distance = 0.0
lod_max_hysteresis = 0.0
mesh = ExtResource( 6 )
skeleton = NodePath("..")
material/0 = null
material/1 = null


